2007_000032 0,0,263,190 1,1,314,133 1,2,178,102 15,3,205,215 15,4,28,207
2007_000039 0,0,168,38 20,1,271,206
2007_000063 0,0,434,226 12,1,137,199 9,2,265,4
2007_000068 0,0,102,111 3,1,181,190
2007_000121 0,0,59,262 20,1,386,113 20,2,107,150
2007_000170 0,0,426,269 5,1,100,149 5,2,54,127 5,3,336,156 5,4,432,167 15,5,16,153 15,6,68,348
2007_000241 0,0,6,184 4,1,436,244 4,2,97,205 4,3,310,194
2007_000243 0,0,391,175 1,1,229,163
2007_000250 0,0,296,176 11,1,131,324 5,2,112,143
2007_000256 0,0,261,134 1,1,114,167
2007_000333 0,0,281,327 19,1,0,59
2007_000363 0,0,296,112 3,1,75,82 3,2,294,211
2007_000364 0,0,493,13 14,1,419,184 14,2,477,113 15,3,431,8
2007_000392 0,0,16,309 13,1,268,207 15,2,267,92
2007_000480 0,0,237,67 15,1,357,185 15,2,156,352 15,3,110,306 1,4,218,116
2007_000504 0,0,459,33 10,1,447,319 15,2,58,119 15,3,23,75 15,4,41,52
2007_000515 0,0,307,63 2,1,30,214 15,2,10,222 7,3,98,182 7,4,174,178
2007_000528 0,0,88,268 8,1,239,215
2007_000549 0,0,312,178 8,1,23,352
2007_000584 0,0,213,9 2,1,361,79 18,2,482,236
2007_000645 0,0,132,52 3,1,212,56 3,2,273,326
2007_000648 0,0,53,311 15,1,400,213 15,2,430,202 15,3,436,215 15,4,444,202 6,5,99,142 1,6,461,165 7,7,19,214
2007_000713 0,0,311,1 4,1,112,272 4,2,312,245
2007_000720 0,0,66,12 12,1,244,197
2007_000733 0,0,403,14 15,1,246,246 14,2,153,425
2007_000738 0,0,356,112 1,1,358,196
2007_000768 0,0,367,68 6,1,441,179 6,2,79,153
2007_000793 0,0,389,358 15,1,300,172 15,2,259,122 15,3,221,135 15,4,445,148 15,5,70,128 15,6,105,113 15,7,178,155 15,8,287,116 2,9,240,226 6,10,19,129
2007_000822 0,0,412,269 14,1,191,215 14,2,283,266
2007_000836 0,0,75,173 15,1,98,262 13,2,117,314
2007_000876 0,0,497,329 8,1,293,252 8,2,381,165
2007_000904 0,0,379,3 10,1,238,219 15,2,113,180 13,3,200,261
2007_001027 0,0,5,188 9,1,209,242 9,2,338,207 9,3,288,226 9,4,270,324 18,5,470,350 2,6,68,198 20,7,25,315
2007_001073 0,0,42,94 10,1,131,189 10,2,160,196 10,3,248,181 10,4,311,247 10,5,369,175 10,6,494,165
2007_001149 0,0,404,75 18,1,230,266 20,2,127,98 16,3,14,238
2007_001185 0,0,450,126 8,1,209,242 15,2,92,240 11,3,334,312 5,4,461,194
2007_001225 0,0,262,72 12,1,275,343
2007_001340 0,0,66,83 12,1,485,306 9,2,286,61 15,3,173,223 15,4,309,220
2007_001397 0,0,17,86 12,1,146,205
2007_001416 0,0,270,82 17,1,282,125 17,2,108,111 17,3,40,213 17,4,127,204 17,5,343,78 17,6,110,25
2007_001420 0,0,162,329 13,1,311,173 15,2,333,164 16,3,497,269
2007_001439 0,0,323,127 11,1,286,431 9,2,254,293
2007_001487 0,0,494,27 4,1,249,135
2007_001595 0,0,13,123 6,1,362,182 6,2,220,246
2007_001602 0,0,243,0 5,1,299,137 5,2,123,178
2007_001609 0,0,153,88 11,1,357,315 9,2,197,112 9,3,353,179 9,4,54,140 9,5,20,194
2007_001698 0,0,143,60 4,1,401,166 4,2,284,189
2007_001704 0,0,423,235 20,1,363,206
2007_001709 0,0,84,328 15,1,394,186 15,2,118,187 14,3,354,86
2007_001724 0,0,232,193 13,1,187,228
2007_001764 0,0,160,364 10,1,497,110 10,2,290,124 10,3,234,130 10,4,195,118 10,5,110,109 10,6,2,111
2007_001825 0,0,173,253 8,1,240,138 12,2,379,49
2007_001834 0,0,65,182 11,1,143,207
2007_001857 0,0,320,56 7,1,251,329 15,2,431,19 15,3,347,75 15,4,284,37 15,5,221,54 15,6,131,36 15,7,158,51
2007_001872 0,0,439,153 17,1,317,323
2007_001901 0,0,80,5 9,1,212,281 9,2,300,403 9,3,296,329 11,4,275,299 18,5,0,340
2007_001917 0,0,345,6 10,1,230,188 10,2,471,201 10,3,365,181
2007_001960 0,0,120,350 13,1,190,245
2007_002024 0,0,491,320 6,1,499,162 6,2,272,134 6,3,63,189 15,4,195,166
2007_002055 0,0,454,270 12,1,116,345 15,2,109,163 18,3,37,268
2007_002088 0,0,409,248 10,1,309,254
2007_002099 0,0,270,42 1,1,170,240
2007_002105 0,0,206,336 14,1,364,219 15,2,346,157
2007_002107 0,0,233,122 1,1,432,249
2007_002120 0,0,0,7 3,1,247,74 15,2,232,149
2007_002142 0,0,357,65 15,1,241,259 15,2,370,279 15,3,24,181
2007_002198 0,0,309,78 1,1,286,144
2007_002212 0,0,422,17 3,1,347,170
2007_002216 0,0,74,28 6,1,459,121 6,2,285,261
2007_002227 0,0,249,208 20,1,475,123 2,2,267,145
2007_002234 0,0,453,119 4,1,220,233 4,2,38,152
2007_002273 0,0,36,161 13,1,147,99 15,2,181,92
2007_002281 0,0,464,188 7,1,350,94 15,2,206,69
2007_002293 0,0,188,70 15,1,69,319 15,2,196,265
2007_002361 0,0,220,235 16,1,94,401 15,2,353,418
2007_002368 0,0,221,249 18,1,49,242 18,2,295,435 9,3,84,327 9,4,211,331 11,5,149,388
2007_002370 0,0,52,30 15,1,457,196 15,2,464,196 7,3,391,198 7,4,378,207
2007_002403 0,0,438,186 15,1,321,133 3,2,389,213 4,3,342,111
2007_002462 0,0,124,204 19,1,341,129
2007_002488 0,0,350,176 15,1,184,120 14,2,154,262
2007_002545 0,0,338,327 15,1,104,205 5,2,202,126 18,3,59,167 18,4,343,88
2007_002611 0,0,483,359 15,1,362,215 12,2,275,185
2007_002639 0,0,121,143 15,1,372,230 15,2,264,176 15,3,238,198
2007_002668 0,0,368,284 11,1,259,368 15,2,484,288 15,3,433,124 15,4,207,245 15,5,102,183 16,6,55,156
2007_002669 0,0,112,8 10,1,361,160 10,2,136,215 15,3,459,270 10,4,255,222
2007_002760 0,0,315,331 8,1,390,97 8,2,180,217
2007_002789 0,0,279,277 15,1,398,135 10,2,159,153 10,3,200,170 10,4,227,177 10,5,485,195 10,6,462,201 10,7,467,192 10,8,423,189 10,9,393,190 7,10,461,176 7,11,396,180 7,12,327,179 7,13,245,178
2007_002845 0,0,67,152 17,1,299,210 17,2,107,307 17,3,142,233 17,4,225,223 17,5,271,217 17,6,253,206
2007_002895 0,0,367,277 15,1,414,277 15,2,428,252
2007_002896 0,0,66,421 3,1,164,394
2007_002914 0,0,287,296 11,1,267,306 15,2,494,272
2007_002953 0,0,192,366 5,1,60,214 5,2,119,256 5,3,224,274 20,4,281,128 20,5,108,117
2007_002954 0,0,53,72 15,1,136,237 15,2,424,209
2007_002967 0,0,11,129 16,1,230,215 16,2,68,250 16,3,182,377
2007_003000 0,0,84,134 1,1,249,119
2007_003118 0,0,153,36 3,1,269,35 3,2,401,207 3,3,325,185 15,4,143,311 15,5,408,209
2007_003178 0,0,317,51 19,1,157,164
2007_003189 0,0,162,55 13,1,238,208 15,2,237,71 16,3,206,337 16,4,170,296 16,5,103,316
2007_003190 0,0,149,390 17,1,197,82 17,2,57,208 17,3,67,74 17,4,170,315
2007_003191 0,0,120,139 15,1,82,313
2007_003205 0,0,49,87 15,1,196,138 9,2,60,181
2007_003207 0,0,303,258 5,1,151,90 5,2,123,75 5,3,85,113 5,4,106,84 5,5,48,109 5,6,189,145 5,7,252,167 5,8,301,230 5,9,344,156 5,10,370,171
2007_003251 0,0,434,304 11,1,280,212 9,2,298,272 9,3,305,255 9,4,139,211 9,5,157,214
2007_003267 0,0,287,7 3,1,266,196
2007_003286 0,0,153,327 19,1,251,122
2007_003330 0,0,267,117 3,1,303,118 3,2,218,84
2007_003431 0,0,311,91 15,1,139,407 5,2,3,366 5,3,61,448
2007_003451 0,0,417,330 18,1,363,203 9,2,226,213 20,3,409,264 5,4,22,245
2007_003525 0,0,178,119 8,1,266,220
2007_003529 0,0,467,45 11,1,273,309 15,2,163,53
2007_003541 0,0,366,59 15,1,318,123 15,2,146,175 9,3,311,498
2007_003565 0,0,38,48 3,1,297,225
2007_003580 0,0,317,290 15,1,203,119
2007_003593 0,0,56,169 17,1,452,217 17,2,166,165
2007_003604 0,0,105,223 12,1,434,327 20,2,310,40
2007_003668 0,0,1,18 11,1,95,314
2007_003715 0,0,130,9 6,1,93,199
2007_003778 0,0,59,48 8,1,84,294 16,2,83,185 16,3,429,149 16,4,464,163
2007_003788 0,0,131,70 8,1,253,242 9,2,133,250
2007_003815 0,0,143,20 7,1,303,185 15,2,247,14 15,3,212,48 15,4,256,46 15,5,301,138
2007_003876 0,0,496,79 1,1,111,107
2007_003889 0,0,52,281 13,1,377,88 13,2,258,166 13,3,114,120 15,4,414,125 15,5,158,82 15,6,86,117 15,7,84,107 9,8,446,133
2007_003910 0,0,57,34 4,1,268,230 15,2,201,199
2007_004003 0,0,414,323 14,1,132,264
2007_004009 0,0,234,87 1,1,225,213
2007_004065 0,0,436,360 6,1,309,136 15,2,465,223 15,3,13,209 15,4,343,187
2007_004081 0,0,237,234 10,1,282,185 16,2,433,236
2007_004166 0,0,298,48 20,1,276,163 9,2,497,195 9,3,382,204 9,4,345,211 9,5,267,286 18,6,46,293 11,7,387,237 12,8,233,213
2007_004289 0,0,472,114 20,1,248,137 15,2,0,301 15,3,204,139 15,4,311,314
2007_004291 0,0,21,160 5,1,300,341 15,2,106,47
2007_004328 0,0,271,218 15,1,113,143
2007_004423 0,0,455,260 17,1,151,180 17,2,359,201 17,3,270,259
2007_004459 0,0,442,353 15,1,110,222 15,2,51,229 15,3,67,218 1,4,444,163 15,5,168,209 15,6,173,218
2007_004476 0,0,222,26 15,1,179,323 15,2,247,292 15,3,386,326 5,4,344,134 5,5,369,149 5,6,42,288
2007_004481 0,0,431,215 7,1,313,293 15,2,231,196 15,3,291,185
2007_004500 0,0,96,28 10,1,78,127 10,2,60,155
2007_004537 0,0,498,95 13,1,203,244 10,2,71,294 10,3,115,118 10,4,312,114 10,5,305,103 10,6,479,157 15,7,229,206
2007_004627 0,0,262,30 19,1,332,234 19,2,437,253
2007_004663 0,0,468,365 19,1,237,208
2007_004705 0,0,176,289 6,1,428,199 7,2,71,253
2007_004707 0,0,101,125 16,1,285,420 15,2,60,346
2007_004768 0,0,348,7 17,1,262,347
2007_004769 0,0,131,39 2,1,295,304 15,2,151,332 15,3,413,242 15,4,381,256 15,5,194,180
2007_004810 0,0,30,79 7,1,42,308 7,2,213,235 7,3,266,247 7,4,271,208 15,5,367,240 15,6,436,273 15,7,398,232
2007_004830 0,0,427,202 7,1,316,176 15,2,270,125
2007_004841 0,0,320,29 1,1,114,236 1,2,366,119
2007_004948 0,0,363,72 16,1,276,273 16,2,160,264 16,3,187,177 16,4,267,217
2007_004951 0,0,208,368 19,1,133,228 19,2,62,185
2007_004988 0,0,242,15 1,1,378,234
2007_004998 0,0,438,58 8,1,358,150
2007_005043 0,0,63,78 1,1,382,219
2007_005064 0,0,186,275 2,1,273,199 15,2,295,141
2007_005086 0,0,88,10 9,1,248,238 15,2,104,258 15,3,345,315 11,4,231,327
2007_005124 0,0,3,225 10,1,323,241 15,2,108,157
2007_005130 0,0,16,257 3,1,200,206
2007_005144 0,0,48,75 15,1,266,457
2007_005210 0,0,205,105 20,1,147,82
2007_005212 0,0,453,29 14,1,373,258 9,2,439,255 18,3,449,312
2007_005227 0,0,54,148 15,1,273,182
2007_005248 0,0,443,241 15,1,444,221 13,2,30,210
2007_005262 0,0,435,349 7,1,431,236 7,2,27,175 6,3,223,161
2007_005264 0,0,187,134 3,1,377,391 3,2,127,134
2007_005266 0,0,408,100 18,1,122,206 9,2,182,176 9,3,347,186 16,4,448,35 16,5,463,56
2007_005273 0,0,76,363 7,1,194,125 7,2,321,143 15,3,370,80 15,4,428,138 2,5,178,245
2007_005314 0,0,325,43 14,1,437,116
2007_005360 0,0,112,55 19,1,87,170 19,2,8,183
2007_005368 0,0,38,32 2,1,158,407 15,2,196,269
2007_005430 0,0,284,4 5,1,198,185 2,2,141,165 15,3,292,82
2007_005647 0,0,169,340 18,1,328,153 18,2,450,169 9,3,302,239 9,4,92,233 9,5,64,273 9,6,220,187 11,7,173,235
2007_005688 0,0,52,280 8,1,267,78 8,2,195,220
2007_005702 0,0,130,20 2,1,261,431 15,2,299,197
2007_005790 0,0,224,184 11,1,274,257 15,2,411,98
2007_005797 0,0,270,161 10,1,103,264 15,2,435,239 15,3,140,70
2007_005859 0,0,333,35 15,1,27,194
2007_005878 0,0,313,107 14,1,147,191
2007_005902 0,0,309,372 20,1,123,157 20,2,319,199 20,3,459,235
2007_005951 0,0,201,122 14,1,399,221 15,2,447,131
2007_005988 0,0,480,373 12,1,366,201 12,2,129,198 15,3,60,188 15,4,373,110 7,5,461,91 7,6,14,109
2007_005989 0,0,439,325 14,1,154,233 15,2,297,192
2007_006004 0,0,175,151 9,1,258,393 15,2,80,329 15,3,157,419 15,4,4,322
2007_006066 0,0,322,255 18,1,473,249 9,2,63,312 20,3,302,237
2007_006134 0,0,378,238 13,1,248,132
2007_006136 0,0,59,28 17,1,100,233
2007_006151 0,0,328,68 13,1,242,241 15,2,80,271 15,3,242,325 15,4,304,190 7,5,51,285
2007_006212 0,0,14,52 1,1,87,300
2007_006232 0,0,291,36 1,1,190,175
2007_006254 0,0,36,189 19,1,96,188
2007_006281 0,0,290,6 4,1,71,313 4,2,418,329
2007_006303 0,0,378,270 8,1,161,344 16,2,391,325
2007_006317 0,0,100,295 6,1,2,175 2,2,267,222 15,3,309,139
2007_006400 0,0,51,224 19,1,454,197 19,2,206,147 19,3,96,189
2007_006409 0,0,252,106 15,1,484,292 15,2,38,240 5,3,184,231 11,4,160,322
2007_006445 0,0,402,170 13,1,315,185 15,2,204,209
2007_006477 0,0,260,450 9,1,44,294 9,2,345,348 9,3,185,390 15,4,140,252 15,5,198,244
2007_006483 0,0,446,207 15,1,203,91 5,2,321,160 5,3,331,196 5,4,287,181
2007_006490 0,0,195,9 3,1,96,320 15,2,161,224 4,3,267,25 4,4,201,54 4,5,165,33
2007_006530 0,0,210,179 9,1,150,228 18,2,427,204 9,3,407,275 9,4,52,192 9,5,21,209 9,6,71,160
2007_006581 0,0,128,448 2,1,159,404 2,2,232,316 7,3,102,219 7,4,142,213 7,5,112,226
2007_006585 0,0,468,320 15,1,234,113 14,2,211,186
2007_006605 0,0,12,236 9,1,267,177 9,2,172,299 9,3,370,192 9,4,400,231 9,5,283,326 9,6,174,254 16,7,90,202 16,8,67,121
2007_006615 0,0,473,187 15,1,323,356
2007_006641 0,0,385,370 8,1,108,213
2007_006660 0,0,96,198 7,1,197,350 4,2,72,215 4,3,416,179
2007_006661 0,0,276,321 2,1,118,186 2,2,202,164 15,3,104,114 15,4,160,128 15,5,191,134 2,6,156,174 15,7,264,167 15,8,249,146 15,9,216,143 15,10,294,154 15,11,280,153 15,12,307,163
2007_006673 0,0,236,295 4,1,400,225 4,2,365,196 4,3,334,102 4,4,306,135 4,5,250,201 4,6,235,165 4,7,218,191 4,8,195,188 4,9,185,141 4,10,150,187 4,11,53,232 4,12,9,236
2007_006699 0,0,45,16 11,1,170,477 15,2,149,211
2007_006704 0,0,424,374 20,1,276,26
2007_006803 0,0,262,184 19,1,134,178 15,2,319,355 15,3,332,343
2007_006832 0,0,89,239 17,1,199,183
2007_006865 0,0,36,35 3,1,205,55
2007_006899 0,0,466,193 17,1,102,390 17,2,163,355 17,3,435,397
2007_006900 0,0,216,332 7,1,493,122 7,2,279,118 7,3,45,142 7,4,37,267 7,5,255,128 7,6,359,165
2007_006944 0,0,244,60 17,1,118,185 17,2,298,230 17,3,455,249 13,4,166,130 13,5,131,128 17,6,490,152
2007_007003 0,0,148,86 6,1,309,271 7,2,28,265 7,3,96,307 7,4,304,288 7,5,460,332
2007_007021 0,0,86,114 9,1,133,52 9,2,351,117 5,3,284,117 5,4,321,70 11,5,221,270
2007_007048 0,0,204,249 17,1,280,250 17,2,130,87 5,3,124,46 15,4,458,47 15,5,400,24 15,6,164,7 15,7,19,1
2007_007098 0,0,311,182 8,1,149,277 8,2,242,377
2007_007154 0,0,374,367 15,1,219,206
2007_007230 0,0,367,365 17,1,324,183 17,2,217,125
2007_007250 0,0,64,194 5,1,293,308 20,2,311,112
2007_007355 0,0,364,374 14,1,207,350 15,2,190,176 15,3,20,241
2007_007387 0,0,460,1 19,1,399,114
2007_007398 0,0,111,192 6,1,345,5 15,2,384,234
2007_007415 0,0,262,108 15,1,146,274 4,2,182,210 15,3,104,256 15,4,98,260 15,5,83,258
2007_007432 0,0,403,370 20,1,485,193 9,2,130,350 9,3,49,287
2007_007447 0,0,229,48 15,1,498,182 15,2,149,188 15,3,224,189 15,4,300,207 2,5,200,229 2,6,258,237 2,7,291,244 7,8,156,150
2007_007480 0,0,424,280 6,1,132,66 15,2,116,142
2007_007481 0,0,47,68 3,1,321,281
2007_007523 0,0,488,193 3,1,387,90
2007_007530 0,0,245,360 20,1,85,188 8,2,246,96 9,3,4,323
2007_007585 0,0,75,5 12,1,296,187 12,2,201,397
2007_007591 0,0,321,151 6,1,99,357 7,2,27,400
2007_007621 0,0,71,325 17,1,368,190 17,2,203,170
2007_007649 0,0,433,2 15,1,210,245 15,2,134,177 5,3,2,204
2007_007698 0,0,154,11 1,1,228,158
2007_007726 0,0,337,100 19,1,36,250 15,2,13,295 15,3,344,354 15,4,316,371
2007_007772 0,0,79,107 10,1,158,129
2007_007773 0,0,336,193 6,1,162,282
2007_007783 0,0,387,362 14,1,184,82 15,2,479,212 5,3,477,263 15,4,337,9 15,5,283,54
2007_007878 0,0,142,488 8,1,285,314 15,2,262,248
2007_007890 0,0,24,310 16,1,271,138 16,2,325,250
2007_007891 0,0,60,53 15,1,304,237
2007_007902 0,0,344,154 14,1,376,128 14,2,120,304 15,3,433,23 15,4,157,50
2007_007908 0,0,193,324 6,1,280,123
2007_007930 0,0,310,251 12,1,336,302
2007_007947 0,0,193,37 19,1,306,196
2007_007948 0,0,268,14 7,1,409,201 15,2,265,164
2007_008043 0,0,283,190 16,1,80,197 15,2,242,67
2007_008072 0,0,399,84 11,1,332,260 15,2,324,142 15,3,397,139 15,4,333,279 15,5,153,163 15,6,193,144 15,7,104,132 15,8,113,249 9,9,324,319 9,10,392,238
2007_008085 0,0,149,33 3,1,79,199
2007_008140 0,0,385,314 16,1,428,201 16,2,440,21 16,3,107,29
2007_008142 0,0,423,303 15,1,209,153 13,2,294,176
2007_008203 0,0,351,365 18,1,339,227 18,2,236,345
2007_008218 0,0,198,68 15,1,330,139 15,2,157,355 15,3,123,359
2007_008219 0,0,152,152 15,1,312,58 15,2,169,130 4,3,14,28
2007_008307 0,0,328,58 15,1,245,106 13,2,151,138
2007_008403 0,0,3,459 8,1,404,299
2007_008407 0,0,50,31 20,1,171,218 20,2,367,161 9,3,448,343 9,4,371,306 15,5,261,348 20,6,421,187 9,7,488,229
2007_008468 0,0,184,8 18,1,133,158 9,2,309,177 9,3,254,162 9,4,236,115 9,5,217,121 16,6,174,126
2007_008526 0,0,21,439 13,1,192,300 13,2,302,272 15,3,58,247 15,4,96,227 15,5,132,246
2007_008571 0,0,112,182 4,1,203,140
2007_008575 0,0,92,410 8,1,233,476
2007_008714 0,0,389,287 1,1,171,165
2007_008764 0,0,231,485 3,1,294,160
2007_008778 0,0,112,160 5,1,401,83 15,2,64,296
2007_008801 0,0,493,209 15,1,160,143 14,2,446,62 7,3,419,30 7,4,286,12 7,5,106,68
2007_008821 0,0,271,128 9,1,128,226 16,2,197,107 16,3,293,260 18,4,224,354
2007_008927 0,0,365,186 10,1,253,261
2007_008932 0,0,298,124 15,1,141,319 15,2,204,263 15,3,294,273 15,4,315,158 11,5,319,332
2007_008945 0,0,466,20 11,1,415,220 15,2,202,97
2007_008948 0,0,182,23 9,1,100,253 9,2,347,218 20,3,488,188
2007_008994 0,0,230,143 14,1,346,285 14,2,75,250
2007_009030 0,0,258,266 1,1,299,149
2007_009052 0,0,55,365 7,1,375,143 15,2,342,144
2007_009082 0,0,221,91 10,1,237,217
2007_009139 0,0,318,65 15,1,81,3 15,2,111,159 15,3,25,96 15,4,185,48 15,5,199,44 15,6,392,39 15,7,454,94 15,8,453,49 14,9,308,104
2007_009209 0,0,488,306 14,1,258,207 15,2,163,111
2007_009216 0,0,432,28 20,1,281,223 8,2,263,28
2007_009295 0,0,488,272 15,1,360,68 2,2,246,282 20,3,281,142
2007_009322 0,0,441,36 14,1,334,274 15,2,342,245 7,3,3,241 7,4,77,234 7,5,118,243 7,6,136,221 7,7,169,221 7,8,163,206 7,9,277,210 6,10,211,186
2007_009327 0,0,135,126 15,1,192,239 12,2,73,290
2007_009348 0,0,388,241 1,1,308,156
2007_009422 0,0,419,295 3,1,210,163
2007_009435 0,0,215,22 9,1,467,206 18,2,47,295
2007_009436 0,0,7,116 19,1,280,215 15,2,385,192 15,3,151,199
2007_009464 0,0,125,355 8,1,160,209
2007_009527 0,0,479,0 4,1,211,235 4,2,250,187 4,3,359,282
2007_009533 0,0,349,297 4,1,300,166 4,2,139,199
2007_009550 0,0,119,210 9,1,53,363 9,2,13,401 9,3,240,314 9,4,254,330 9,5,351,428 9,6,313,355 9,7,301,326 9,8,371,320 9,9,282,311 11,10,336,345
2007_009554 0,0,209,227 15,1,110,127 20,2,169,178 18,3,499,302
2007_009580 0,0,441,113 19,1,206,172
2007_009594 0,0,374,125 20,1,317,348
2007_009597 0,0,209,43 19,1,448,151
2007_009605 0,0,490,325 12,1,375,209
2007_009607 0,0,292,86 3,1,290,201 3,2,324,280
2007_009618 0,0,489,181 2,1,300,276 2,2,418,291 15,3,225,197
2007_009630 0,0,159,122 8,1,392,182 16,2,297,115 16,3,343,123 16,4,408,114 5,5,62,207 5,6,36,204
2007_009649 0,0,156,48 15,1,410,323 15,2,312,312 15,3,305,186 15,4,206,202 15,5,218,140 15,6,152,171 15,7,109,276 20,8,374,87 9,9,437,195
2007_009665 0,0,111,135 15,1,125,214 13,2,98,192 13,3,375,124 13,4,275,159 13,5,226,179
2007_009709 0,0,150,26 5,1,293,210 5,2,244,174 5,3,87,296
2007_009724 0,0,463,204 8,1,208,86
2007_009759 0,0,338,309 3,1,133,232
2007_009779 0,0,217,163 7,1,125,249 7,2,447,269 15,3,273,160 15,4,346,187 15,5,387,211
2007_009788 0,0,22,185 2,1,459,241 20,2,462,102
2007_009807 0,0,139,224 13,1,243,152
2007_009832 0,0,76,338 6,1,494,97
2007_009889 0,0,392,93 12,1,236,204
2007_009899 0,0,161,108 12,1,313,252
2007_009901 0,0,225,137 15,1,149,175 15,2,303,189 9,3,44,215 9,4,104,221 9,5,295,229 9,6,463,249 11,7,202,192 11,8,394,209
2007_009947 0,0,167,425 4,1,171,190 15,2,169,309
2007_009950 0,0,314,58 19,1,412,301 15,2,254,157
2008_000015 0,0,237,185 5,1,345,70 5,2,59,49
2008_000019 0,0,198,261 12,1,197,36 12,2,307,170 12,3,422,21
2008_000028 0,0,196,142 7,1,205,215 7,2,77,222
2008_000033 0,0,236,223 1,1,309,159
2008_000074 0,0,35,276 7,1,105,220
2008_000089 0,0,16,486 9,1,257,315
2008_000103 0,0,420,76 3,1,227,164
2008_000105 0,0,486,292 7,1,304,213
2008_000131 0,0,2,29 3,1,294,124
2008_000144 0,0,88,121 14,1,274,192 15,2,258,228
2008_000162 0,0,138,65 12,1,381,387
2008_000187 0,0,51,53 7,1,312,133
2008_000188 0,0,90,204 16,1,328,286
2008_000197 0,0,277,225 1,1,156,167
2008_000207 0,0,132,466 15,1,201,212
2008_000217 0,0,461,146 15,1,108,208 15,2,320,348
2008_000226 0,0,56,131 15,1,402,197 15,2,320,168 15,3,293,117 15,4,327,100 7,5,241,165
2008_000235 0,0,88,38 15,1,315,159 4,2,270,200
2008_000238 0,0,142,101 6,1,335,203
2008_000259 0,0,76,60 15,1,195,244 15,2,258,225 15,3,403,183
2008_000273 0,0,274,264 12,1,276,174 12,2,15,233 9,3,207,57 9,4,0,110
2008_000284 0,0,57,143 15,1,248,257 16,2,112,132
2008_000287 0,0,481,262 16,1,342,197 16,2,199,157
2008_000289 0,0,347,82 15,1,176,255
2008_000290 0,0,411,24 15,1,281,118 5,2,461,307 11,3,264,362
2008_000309 0,0,247,342 20,1,68,45 20,2,394,233
2008_000316 0,0,448,348 15,1,347,213
2008_000336 0,0,28,198 12,1,132,295
2008_000348 0,0,458,102 20,1,214,190 20,2,289,149
2008_000361 0,0,293,123 3,1,235,167
2008_000365 0,0,74,172 15,1,229,199
2008_000399 0,0,385,252 7,1,327,164
2008_000400 0,0,158,84 3,1,267,183
2008_000415 0,0,174,87 15,1,10,288
2008_000422 0,0,257,54 15,1,197,215
2008_000436 0,0,102,82 15,1,253,193
2008_000470 0,0,332,149 19,1,25,63
2008_000491 0,0,71,133 16,1,219,63 16,2,225,265 16,3,342,89
2008_000495 0,0,394,287 20,1,94,173 9,2,480,317 5,3,417,141
2008_000505 0,0,442,329 4,1,62,192
2008_000515 0,0,150,55 3,1,367,91 3,2,23,141
2008_000540 0,0,319,84 15,1,177,337
2008_000544 0,0,74,238 15,1,440,236
2008_000567 0,0,462,21 4,1,173,217
2008_000578 0,0,314,89 20,1,370,219 15,2,179,91 9,3,26,280
2008_000584 0,0,430,92 15,1,206,318
2008_000588 0,0,1,17 15,1,361,206 15,2,172,207 9,3,460,120 9,4,60,256
2008_000595 0,0,61,475 7,1,261,391
2008_000626 0,0,286,119 9,1,226,465
2008_000645 0,0,261,109 15,1,244,173
2008_000676 0,0,384,12 12,1,484,197 12,2,167,57
2008_000696 0,0,176,40 13,1,257,192
2008_000711 0,0,104,283 10,1,51,121 10,2,433,169 10,3,212,214 10,4,406,204
2008_000716 0,0,158,117 1,1,171,140 1,2,379,172
2008_000733 0,0,244,105 15,1,199,98
2008_000760 0,0,358,262 9,1,473,106 9,2,14,111 9,3,56,14 9,4,158,42 9,5,369,102 9,6,200,84
2008_000764 0,0,5,125 15,1,128,272 2,2,41,422
2008_000778 0,0,302,238 15,1,230,394
2008_000785 0,0,427,79 3,1,314,241
2008_000832 0,0,34,266 3,1,252,236
2008_000841 0,0,241,21 15,1,86,235 15,2,338,108 16,3,492,175 16,4,20,111
2008_000860 0,0,124,295 8,1,377,211
2008_000861 0,0,379,122 3,1,169,163 3,2,343,105
2008_000870 0,0,322,58 15,1,107,378 9,2,71,488
2008_000923 0,0,170,202 16,1,273,482
2008_001030 0,0,310,2 18,1,332,330
2008_001056 0,0,242,202 4,1,192,200
2008_001106 0,0,343,40 15,1,162,209
2008_001112 0,0,193,267 15,1,163,367 13,2,39,394
2008_001118 0,0,9,135 19,1,91,177
2008_001119 0,0,418,28 15,1,161,107 15,2,283,339 14,3,231,348
2008_001137 0,0,321,289 12,1,208,110
2008_001159 0,0,484,365 4,1,428,171 4,2,50,140
2008_001169 0,0,494,286 19,1,268,145 7,2,480,234
2008_001188 0,0,29,160 15,1,284,250
2008_001203 0,0,89,62 14,1,449,298
2008_001208 0,0,213,31 7,1,216,480
2008_001215 0,0,450,92 15,1,313,276
2008_001235 0,0,370,259 15,1,42,306 13,2,136,77
2008_001245 0,0,130,19 15,1,149,256 15,2,202,122
2008_001263 0,0,0,176 15,1,274,204 15,2,178,294
2008_001274 0,0,455,49 7,1,144,161
2008_001358 0,0,169,334 15,1,298,138 15,2,341,141 19,3,376,296
2008_001375 0,0,208,278 2,1,342,254 2,2,27,324 7,3,276,141 15,4,403,126 15,5,133,330
2008_001387 0,0,228,37 3,1,239,225
2008_001399 0,0,387,170 18,1,184,268
2008_001402 0,0,155,73 15,1,108,205 2,2,186,457
2008_001408 0,0,232,137 15,1,256,292
2008_001413 0,0,39,327 11,1,327,268 15,2,168,187
2008_001462 0,0,39,227 15,1,146,106
2008_001467 0,0,300,57 15,1,52,57 16,2,371,63 9,3,78,181 16,4,307,92
2008_001479 0,0,14,138 12,1,211,143
2008_001498 0,0,374,44 12,1,254,130
2008_001510 0,0,451,15 15,1,233,310
2008_001523 0,0,330,30 2,1,136,309 15,2,185,200
2008_001566 0,0,352,254 2,1,42,248 15,2,51,171
2008_001592 0,0,462,99 8,1,292,194
2008_001601 0,0,91,78 17,1,440,182 17,2,239,103
2008_001610 0,0,411,83 8,1,183,220
2008_001632 0,0,66,145 7,1,126,228
2008_001643 0,0,493,28 15,1,89,287 14,2,189,147
2008_001691 0,0,74,317 14,1,327,270
2008_001716 0,0,432,279 7,1,391,212
2008_001719 0,0,197,28 1,1,298,117
2008_001741 0,0,266,72 8,1,140,150
2008_001761 0,0,347,389 15,1,216,66
2008_001787 0,0,152,73 18,1,311,311
2008_001829 0,0,216,84 3,1,240,170
2008_001876 0,0,441,287 8,1,354,149
2008_001882 0,0,290,483 15,1,186,164
2008_001896 0,0,285,220 20,1,465,201 18,2,7,287
2008_001926 0,0,282,89 19,1,96,215
2008_001997 0,0,278,29 20,1,365,104 9,2,477,345 20,3,74,209 9,4,189,308
2008_002032 0,0,398,61 15,1,34,231 15,2,357,127 15,3,306,68 15,4,208,159 15,5,179,192 15,6,92,191 9,7,440,245 11,8,285,296
2008_002064 0,0,123,240 3,1,269,236
2008_002066 0,0,398,277 20,1,335,262
2008_002067 0,0,28,65 15,1,221,166 8,2,233,259 15,3,123,22
2008_002073 0,0,488,197 3,1,367,206
2008_002079 0,0,110,68 11,1,158,373 5,2,232,182 15,3,364,136 15,4,425,198 15,5,446,315 15,6,84,312 15,7,105,332 15,8,159,247 15,9,264,152 15,10,321,85 15,11,290,55 15,12,409,101 15,13,457,89 15,14,494,111 15,15,463,88 11,16,494,124
2008_002080 0,0,29,120 15,1,426,404
2008_002123 0,0,488,68 14,1,477,163 14,2,413,174 14,3,276,264 14,4,94,216 15,5,73,139 15,6,188,132 15,7,163,263 15,8,228,106 15,9,342,225 15,10,431,278
2008_002160 0,0,47,54 12,1,221,213
2008_002175 0,0,205,227 11,1,443,271 9,2,442,289 9,3,364,234 9,4,498,374
2008_002177 0,0,401,60 8,1,398,113
2008_002182 0,0,372,52 8,1,245,105
2008_002200 0,0,120,21 3,1,316,340
2008_002210 0,0,351,52 15,1,80,249 15,2,286,134 11,3,428,354
2008_002215 0,0,10,166 8,1,239,98
2008_002218 0,0,494,97 20,1,205,199 9,2,126,167 9,3,332,241
2008_002221 0,0,309,369 1,1,193,204
2008_002247 0,0,224,430 15,1,171,220
2008_002248 0,0,103,331 15,1,421,189
2008_002255 0,0,255,274 3,1,219,79
2008_002258 0,0,238,311 7,1,220,156
2008_002288 0,0,118,99 9,1,357,247
2008_002338 0,0,499,323 13,1,256,165 13,2,189,281
2008_002411 0,0,302,353 13,1,283,253 13,2,113,357 15,3,219,189 15,4,81,202
2008_002425 0,0,225,89 15,1,146,180
2008_002471 0,0,126,34 3,1,297,171
2008_002473 0,0,392,249 7,1,104,220
2008_002551 0,0,285,245 1,1,438,298
2008_002641 0,0,309,132 15,1,119,318 15,2,352,258
2008_002650 0,0,61,471 20,1,146,52
2008_002697 0,0,303,82 13,1,252,160
2008_002704 0,0,268,59 7,1,85,259
2008_002710 0,0,336,10 7,1,380,230
2008_002719 0,0,479,153 1,1,309,173
2008_002749 0,0,189,277 8,1,237,176
2008_002762 0,0,176,117 15,1,189,233 13,2,182,463
2008_002772 0,0,121,238 14,1,349,360
2008_002834 0,0,395,2 7,1,182,162
2008_002868 0,0,390,70 15,1,268,357 15,2,287,195 15,3,193,335 15,4,52,217 15,5,81,153 15,6,121,159 15,7,138,187 15,8,170,161
2008_002885 0,0,415,180 9,1,333,161 15,2,229,234
2008_002894 0,0,410,207 2,1,61,270 15,2,231,87
2008_002960 0,0,215,155 15,1,367,217 11,2,298,340 15,3,64,232
2008_002970 0,0,6,160 3,1,158,340
2008_002972 0,0,125,219 14,1,266,158
2008_002993 0,0,153,220 13,1,292,194
2008_003060 0,0,89,305 6,1,21,155 6,2,78,161 7,3,83,212 7,4,434,221 15,5,466,181 6,6,361,248
2008_003065 0,0,27,122 10,1,168,83 15,2,169,418
2008_003068 0,0,427,44 19,1,235,243
2008_003083 0,0,7,18 19,1,285,138
2008_003087 0,0,165,3 3,1,251,196
2008_003094 0,0,475,326 10,1,356,235 10,2,230,242 10,3,108,237 15,4,368,209
2008_003101 0,0,69,328 12,1,167,181
2008_003168 0,0,259,335 9,1,345,295
2008_003180 0,0,144,80 12,1,294,172
2008_003196 0,0,245,23 1,1,231,133
2008_003200 0,0,344,56 5,1,48,336 20,2,81,188
2008_003208 0,0,145,283 15,1,99,447
2008_003252 0,0,478,124 9,1,249,266
2008_003329 0,0,303,86 15,1,436,282 15,2,320,135 15,3,241,172 15,4,176,141 15,5,170,112 2,6,269,336 2,7,444,304 2,8,263,223 2,9,173,163 7,10,380,164
2008_003362 0,0,8,370 4,1,351,112
2008_003373 0,0,400,273 6,1,226,236 6,2,47,191
2008_003381 0,0,378,345 6,1,306,205
2008_003415 0,0,346,374 7,1,286,115
2008_003429 0,0,193,137 15,1,176,182 15,2,358,273 15,3,430,208 14,4,291,308
2008_003480 0,0,48,253 4,1,131,202
2008_003500 0,0,68,421 20,1,306,164
2008_003523 0,0,311,24 16,1,284,295 16,2,240,370 16,3,9,355 16,4,25,450 16,5,192,334 15,6,225,232
2008_003562 0,0,360,36 8,1,162,219 18,2,438,276
2008_003585 0,0,134,351 20,1,176,203
2008_003665 0,0,484,115 12,1,223,197 16,2,159,32
2008_003691 0,0,190,349 6,1,388,122 7,2,73,199 7,3,497,178
2008_003701 0,0,289,137 4,1,258,229
2008_003703 0,0,394,294 1,1,473,170
2008_003729 0,0,131,203 1,1,191,175
2008_003769 0,0,21,95 14,1,171,122 15,2,159,75 15,3,375,158
2008_003774 0,0,301,291 11,1,65,224 9,2,144,269 9,3,116,286
2008_003779 0,0,188,173 15,1,337,217 15,2,176,209 15,3,62,292
2008_003814 0,0,204,0 20,1,447,211 18,2,15,272
2008_003913 0,0,204,158 4,1,128,361
2008_003939 0,0,355,446 14,1,182,435
2008_003947 0,0,141,306 15,1,129,195
2008_003986 0,0,496,303 7,1,221,121
2008_003998 0,0,233,3 11,1,348,135 9,2,407,3
2008_004014 0,0,26,62 4,1,250,286
2008_004026 0,0,35,355 4,1,102,358
2008_004055 0,0,481,209 15,1,474,165 6,2,495,145 6,3,417,123 6,4,195,135 6,5,88,137
2008_004080 0,0,145,361 7,1,465,225
2008_004097 0,0,104,155 20,1,208,70 9,2,8,251
2008_004112 0,0,463,31 7,1,189,140
2008_004259 0,0,221,70 20,1,268,225
2008_004321 0,0,125,36 15,1,227,238 15,2,380,152 15,3,406,315 15,4,163,178 15,5,94,291 11,6,345,314 9,7,442,255 20,8,496,185 18,9,82,225
2008_004358 0,0,218,325 19,1,461,198 19,2,16,170 15,3,252,249
2008_004365 0,0,172,394 14,1,113,266 15,2,227,345
2008_004416 0,0,205,326 18,1,255,220
2008_004430 0,0,475,80 13,1,362,113
2008_004441 0,0,492,222 2,1,146,131 15,2,269,243 7,3,358,92
2008_004547 0,0,370,246 19,1,247,99
2008_004551 0,0,148,78 3,1,228,215
2008_004583 0,0,42,18 8,1,377,165
2008_004588 0,0,182,79 11,1,282,335
2008_004607 0,0,350,319 5,1,209,261
2008_004663 0,0,436,374 19,1,158,201
2008_004750 0,0,266,40 4,1,177,231 4,2,368,249 4,3,454,197
2008_004776 0,0,196,345 9,1,231,301 9,2,78,334 11,3,105,274
2008_004822 0,0,16,38 14,1,106,244
2008_004838 0,0,196,7 14,1,297,126
2008_004841 0,0,184,78 10,1,363,42 15,2,228,119
2008_004869 0,0,478,79 19,1,205,282
2008_004892 0,0,38,1 13,1,60,165 13,2,212,243 13,3,239,187 13,4,348,203 13,5,405,238 13,6,473,194 15,7,28,72 15,8,178,114 15,9,235,112 15,10,282,134 15,11,388,78 15,12,421,109
2008_004911 0,0,177,100 13,1,293,226
2008_004914 0,0,158,326 19,1,185,190
2008_004946 0,0,60,290 19,1,82,228 19,2,410,197
2008_004983 0,0,348,246 4,1,214,299 15,2,188,271
2008_005006 0,0,139,51 20,1,170,236
2008_005074 0,0,389,99 6,1,60,175 6,2,122,180 6,3,142,187 7,4,267,195
2008_005196 0,0,488,104 6,1,127,178
2008_005214 0,0,344,5 16,1,18,233 16,2,65,297 16,3,139,300 16,4,167,297 16,5,203,304 16,6,253,293 16,7,306,299 16,8,385,297 16,9,416,290 16,10,459,304
2008_005231 0,0,285,356 20,1,227,99 15,2,115,443
2008_005266 0,0,403,248 6,1,458,359
2008_005294 0,0,214,207 15,1,230,98 7,2,139,129 7,3,82,64
2008_005300 0,0,101,312 8,1,161,103
2008_005321 0,0,346,38 4,1,204,234
2008_005342 0,0,457,329 20,1,412,157 11,2,89,350 9,3,305,215 5,4,409,109 5,5,353,166 5,6,285,188 5,7,233,180 5,8,190,150 5,9,262,180 5,10,226,202
2008_005345 0,0,215,124 16,1,41,400
2008_005367 0,0,322,163 4,1,260,226
2008_005375 0,0,217,3 10,1,185,233 10,2,289,230
2008_005512 0,0,449,334 4,1,306,216 15,2,334,242 15,3,326,246
2008_005541 0,0,288,81 4,1,316,209
2008_005600 0,0,128,64 8,1,156,185 15,2,430,184
2008_005650 0,0,64,273 2,1,300,284 2,2,207,280 2,3,147,283 2,4,459,165 2,5,353,143 2,6,168,117 2,7,207,119 2,8,305,127 15,9,224,226 15,10,290,199 15,11,160,216 15,12,468,136 15,13,358,129 15,14,308,122 15,15,169,98 15,16,212,104
2008_005668 0,0,495,352 13,1,263,223
2008_005678 0,0,185,61 20,1,320,206
2008_005679 0,0,403,101 12,1,166,103
2008_005698 0,0,146,118 9,1,238,323 15,2,304,131
2008_005706 0,0,232,8 17,1,121,35 17,2,404,24 17,3,489,174
2008_005713 0,0,13,69 2,1,164,145
2008_005714 0,0,446,76 10,1,106,113
2008_005716 0,0,371,263 8,1,338,125
2008_005747 0,0,176,498 7,1,115,345
2008_005770 0,0,404,38 8,1,465,238
2008_005839 0,0,177,196 2,1,371,352 2,2,113,309
2008_005843 0,0,69,71 3,1,185,204
2008_005845 0,0,409,55 12,1,263,79
2008_005874 0,0,475,322 16,1,129,143
2008_005926 0,0,267,11 18,1,103,320
2008_005938 0,0,93,163 17,1,274,147
2008_005945 0,0,223,57 5,1,306,174 11,2,99,361
2008_005953 0,0,19,22 11,1,154,170
2008_006032 0,0,36,339 12,1,129,281 15,2,59,203 15,3,321,373 15,4,189,109 12,5,324,198
2008_006065 0,0,138,193 4,1,268,139
2008_006070 0,0,476,344 17,1,304,313 17,2,336,95 17,3,320,42
2008_006140 0,0,98,130 1,1,411,201 1,2,50,230 1,3,441,236 1,4,494,231
2008_006182 0,0,448,237 5,1,104,131
2008_006213 0,0,216,211 1,1,112,191
2008_006215 0,0,490,62 7,1,277,134 7,2,31,164 15,3,444,163 15,4,440,123
2008_006221 0,0,325,261 17,1,157,98 17,2,134,229 17,3,198,226 17,4,266,213 17,5,359,176 17,6,386,136
2008_006289 0,0,435,141 15,1,357,217 15,2,360,176 4,3,155,0
2008_006339 0,0,298,256 17,1,143,191 17,2,284,80
2008_006345 0,0,466,229 14,1,309,255
2008_006349 0,0,392,140 4,1,182,164
2008_006353 0,0,154,3 1,1,2,160
2008_006389 0,0,293,355 18,1,115,174
2008_006434 0,0,119,43 13,1,292,110
2008_006481 0,0,120,133 3,1,222,102 4,2,206,253
2008_006482 0,0,450,21 9,1,172,346 11,2,40,370
2008_006490 0,0,35,389 4,1,254,319
2008_006509 0,0,353,479 16,1,194,376 16,2,180,392 16,3,58,499
2008_006558 0,0,137,292 5,1,279,430
2008_006655 0,0,161,277 19,1,43,243
2008_006748 0,0,355,86 6,1,384,180
2008_006751 0,0,112,228 16,1,281,193
2008_006843 0,0,4,270 8,1,289,272 18,2,89,32
2008_006873 0,0,455,193 3,1,222,119 3,2,123,176 3,3,152,132 3,4,134,118 15,5,238,10 15,6,252,17
2008_006877 0,0,156,309 4,1,468,227
2008_006908 0,0,492,158 12,1,180,186
2008_006920 0,0,230,320 1,1,405,131
2008_007011 0,0,60,162 19,1,116,203
2008_007012 0,0,395,53 12,1,181,80
2008_007090 0,0,90,276 14,1,89,222 7,2,42,192 7,3,456,170 7,4,385,176 7,5,338,167 7,6,313,172 7,7,259,167 15,8,265,209 15,9,219,196 15,10,190,182
2008_007142 0,0,321,2 5,1,245,322
2008_007165 0,0,479,192 8,1,209,309 8,2,285,115 8,3,224,199
2008_007201 0,0,184,71 19,1,460,22
2008_007239 0,0,192,402 8,1,112,204
2008_007242 0,0,406,47 20,1,182,67 5,2,272,351 15,3,496,288 15,4,198,299 15,5,35,136
2008_007245 0,0,314,229 17,1,300,140
2008_007313 0,0,134,52 14,1,109,159
2008_007355 0,0,291,245 11,1,201,382 9,2,209,301
2008_007357 0,0,281,117 1,1,303,145
2008_007375 0,0,266,283 6,1,259,249 7,2,95,198 15,3,376,235 15,4,399,240 15,5,411,205 15,6,443,226 15,7,458,263 15,8,404,236 15,9,131,209
2008_007428 0,0,369,215 14,1,276,303 16,2,347,287 16,3,395,272
2008_007433 0,0,306,13 12,1,133,300
2008_007472 0,0,37,262 8,1,342,197
2008_007581 0,0,493,259 12,1,177,136
2008_007691 0,0,100,6 9,1,119,17
2008_007759 0,0,53,133 19,1,273,211 15,2,480,262
2008_007858 0,0,135,44 5,1,140,202
2008_007998 0,0,89,222 5,1,144,142 5,2,158,136 5,3,174,143 5,4,185,146 5,5,200,143 5,6,210,144 5,7,223,144 13,8,364,178
2008_008106 0,0,354,190 18,1,168,359
2008_008193 0,0,0,331 13,1,303,114
2008_008263 0,0,345,205 1,1,343,103
2008_008323 0,0,172,48 17,1,346,175 17,2,268,101
2008_008324 0,0,26,470 14,1,194,273
2008_008343 0,0,299,41 7,1,467,312 6,2,417,269 15,3,44,303 15,4,63,326 15,5,138,301 15,6,205,313 15,7,217,324
2008_008462 0,0,51,260 14,1,350,253
2008_008476 0,0,11,1 13,1,410,209
2008_008511 0,0,200,122 14,1,226,264 14,2,293,246 14,3,412,293 15,4,151,167 15,5,283,182 15,6,316,181
2008_008521 0,0,160,41 10,1,170,288 10,2,43,347 10,3,147,174 10,4,328,175 10,5,342,161 10,6,379,155 10,7,293,128 10,8,310,124 10,9,381,122 15,10,499,109
2008_008525 0,0,29,488 14,1,112,305
2008_008541 0,0,71,72 10,1,176,122
2008_008545 0,0,353,104 19,1,407,258
2008_008550 0,0,114,66 18,1,63,494 15,2,119,216 15,3,202,244
2008_008770 0,0,226,17 19,1,304,382 16,2,259,88 16,3,242,74
2008_008773 0,0,305,305 11,1,159,334 9,2,428,239 9,3,285,331 9,4,22,354 9,5,182,352 9,6,273,217 5,7,224,194
2009_000006 0,0,341,249 6,1,140,273
2009_000015 0,0,350,111 2,1,131,227
2009_000028 0,0,22,106 9,1,431,187 9,2,354,213 9,3,281,201 9,4,170,170
2009_000029 0,0,62,179 12,1,271,310
2009_000073 0,0,0,326 19,1,268,239
2009_000100 0,0,104,465 13,1,218,160
2009_000103 0,0,56,184 3,1,219,293
2009_000133 0,0,207,81 1,1,309,204
2009_000161 0,0,212,19 2,1,202,285
2009_000176 0,0,372,288 6,1,336,144 6,2,28,171 6,3,124,197
2009_000177 0,0,31,124 19,1,190,247
2009_000250 0,0,431,207 10,1,165,151
2009_000285 0,0,171,96 10,1,262,302 10,2,220,457
2009_000347 0,0,133,51 19,1,165,88
2009_000385 0,0,60,215 4,1,290,213
2009_000400 0,0,190,468 12,1,27,389 12,2,150,313 12,3,119,353 12,4,105,371
2009_000405 0,0,134,335 6,1,71,295 7,2,419,9 15,3,396,64 15,4,459,132
2009_000408 0,0,264,63 6,1,360,139 15,2,325,154 15,3,463,210
2009_000409 0,0,65,36 13,1,55,217 13,2,223,238 13,3,144,220 13,4,254,223
2009_000420 0,0,1,318 4,1,115,249
2009_000444 0,0,324,164 20,1,164,125 20,2,253,125
2009_000454 0,0,271,77 3,1,157,254
2009_000503 0,0,344,133 3,1,154,241
2009_000505 0,0,0,241 16,1,397,12 15,2,432,275 15,3,233,134 15,4,394,297 18,5,3,215
2009_000532 0,0,409,53 6,1,291,159
2009_000535 0,0,256,312 8,1,355,108
2009_000544 0,0,38,366 20,1,170,16 15,2,111,287
2009_000553 0,0,34,298 8,1,108,186
2009_000562 0,0,30,24 5,1,133,95
2009_000603 0,0,463,109 13,1,204,184
2009_000626 0,0,392,77 10,1,365,219 10,2,246,201
2009_000635 0,0,453,34 16,1,244,238 16,2,338,226 16,3,145,250
2009_000655 0,0,209,70 9,1,97,372 9,2,251,278 9,3,260,254 9,4,137,212 11,5,231,234
2009_000662 0,0,92,31 1,1,158,105
2009_000684 0,0,52,99 8,1,314,58 8,2,196,366
2009_000690 0,0,207,6 4,1,172,143
2009_000709 0,0,257,469 10,1,80,227
2009_000720 0,0,177,149 7,1,220,139
2009_000744 0,0,175,26 15,1,77,220
2009_000746 0,0,257,173 3,1,271,203
2009_000774 0,0,104,1 12,1,146,168
2009_000801 0,0,459,301 1,1,113,209
2009_000887 0,0,342,292 1,1,144,249
2009_000894 0,0,375,318 14,1,237,262
2009_000895 0,0,15,160 20,1,208,225 20,2,312,120
2009_000906 0,0,435,92 7,1,442,286
2009_000938 0,0,275,165 3,1,167,206
2009_000987 0,0,79,45 15,1,293,233 20,2,21,166
2009_000996 0,0,235,277 4,1,145,138 4,2,327,216
2009_001002 0,0,357,96 15,1,90,194 15,2,250,275 15,3,435,300
2009_001019 0,0,385,38 7,1,173,54 4,2,79,31 4,3,24,60 4,4,180,116 15,5,327,84
2009_001027 0,0,444,277 1,1,464,170
2009_001036 0,0,225,107 13,1,302,134
2009_001070 0,0,278,492 9,1,168,102
2009_001085 0,0,402,105 9,1,138,236 16,2,174,162
2009_001095 0,0,23,70 9,1,1,202 9,2,37,171 9,3,236,172 9,4,273,171 9,5,0,412 9,6,354,288 9,7,329,282 11,8,170,382
2009_001096 0,0,375,145 15,1,119,98 2,2,200,312
2009_001100 0,0,99,423 16,1,93,284
2009_001104 0,0,496,266 10,1,416,86 10,2,325,56 10,3,245,162 10,4,104,130
2009_001117 0,0,404,432 8,1,143,268 8,2,177,344 8,3,385,208 8,4,352,145
2009_001124 0,0,479,137 12,1,218,148
2009_001137 0,0,39,70 15,1,234,139 16,2,408,96
2009_001140 0,0,270,280 14,1,154,234 15,2,341,175
2009_001145 0,0,51,307 10,1,279,133
2009_001146 0,0,58,345 18,1,321,259
2009_001163 0,0,98,93 10,1,201,268 10,2,349,136
2009_001177 0,0,88,97 17,1,276,153 17,2,203,201
2009_001197 0,0,264,28 6,1,184,168 6,2,108,225 7,3,67,265 7,4,129,255
2009_001203 0,0,398,322 17,1,357,265
2009_001205 0,0,348,266 8,1,319,169
2009_001251 0,0,301,160 12,1,152,259
2009_001253 0,0,52,163 14,1,131,381
2009_001264 0,0,189,147 3,1,265,169
2009_001268 0,0,7,327 18,1,164,293
2009_001270 0,0,100,353 8,1,355,308
2009_001283 0,0,90,240 3,1,240,139 3,2,304,143 3,3,231,114
2009_001306 0,0,159,323 7,1,462,290
2009_001311 0,0,18,179 3,1,209,152
2009_001339 0,0,184,97 5,1,222,372 5,2,227,257 15,3,372,217 15,4,116,242 11,5,307,331
2009_001359 0,0,102,132 19,1,393,198
2009_001385 0,0,305,45 3,1,120,55 3,2,340,183 3,3,460,228 3,4,322,293 3,5,274,97
2009_001388 0,0,82,165 7,1,286,213
2009_001390 0,0,64,227 1,1,323,195
2009_001403 0,0,76,364 17,1,167,187 17,2,38,140 17,3,191,80
2009_001422 0,0,15,110 3,1,244,306
2009_001443 0,0,390,316 15,1,451,192 14,2,326,256
2009_001444 0,0,256,23 8,1,269,384
2009_001481 0,0,58,11 2,1,140,141 7,2,457,242
2009_001502 0,0,211,277 8,1,273,98
2009_001514 0,0,50,91 16,1,264,400 16,2,157,462 16,3,63,306 16,4,450,139
2009_001516 0,0,311,27 19,1,154,164
2009_001544 0,0,233,157 4,1,296,272
2009_001615 0,0,40,208 20,1,129,272 15,2,293,213
2009_001625 0,0,69,282 5,1,130,222
2009_001636 0,0,479,218 13,1,166,148 13,2,448,18
2009_001640 0,0,363,10 5,1,135,357
2009_001651 0,0,167,19 19,1,1,50 19,2,465,174
2009_001664 0,0,466,101 13,1,178,180
2009_001690 0,0,199,4 15,1,361,48 15,2,173,211
2009_001693 0,0,324,183 3,1,117,115
2009_001724 0,0,222,93 13,1,97,249 13,2,406,128
2009_001735 0,0,270,430 19,1,282,227
2009_001744 0,0,89,341 7,1,271,217
2009_001755 0,0,399,258 14,1,398,142
2009_001782 0,0,51,63 7,1,283,162
2009_001783 0,0,133,201 17,1,342,177 17,2,169,131
2009_001802 0,0,249,330 19,1,277,259
2009_001828 0,0,276,365 12,1,169,327
2009_001868 0,0,184,63 19,1,342,118
2009_001871 0,0,12,237 18,1,54,153 9,2,435,203 9,3,226,211 9,4,425,92 11,5,362,219 9,6,465,177
2009_001885 0,0,492,145 12,1,379,251 13,2,84,46
2009_001888 0,0,468,341 18,1,62,367 18,2,367,341 16,3,366,261
2009_001894 0,0,41,360 8,1,405,255
2009_001898 0,0,7,6 7,1,401,69
2009_001922 0,0,82,60 11,1,215,383 16,2,65,334 9,3,243,337 9,4,15,494
2009_001937 0,0,76,84 5,1,300,182
2009_001961 0,0,2,346 20,1,236,116 18,2,427,119
2009_001964 0,0,311,345 20,1,450,72
2009_001972 0,0,56,177 3,1,89,372
2009_002010 0,0,54,128 7,1,157,171 12,2,333,113
2009_002019 0,0,323,106 10,1,307,129 10,2,218,178 10,3,122,217
2009_002052 0,0,433,340 6,1,75,176
2009_002060 0,0,57,29 5,1,286,321
2009_002072 0,0,148,112 3,1,178,155
2009_002083 0,0,447,87 18,1,112,268 16,2,175,145
2009_002117 0,0,305,275 7,1,237,131
2009_002153 0,0,459,145 3,1,192,218 3,2,294,334 3,3,376,259 3,4,159,54
2009_002204 0,0,88,14 5,1,209,419 5,2,98,142
2009_002216 0,0,149,70 14,1,237,189
2009_002229 0,0,213,259 10,1,167,77
2009_002245 0,0,234,55 17,1,379,136
2009_002262 0,0,371,337 3,1,241,279
2009_002264 0,0,264,80 3,1,328,201
2009_002281 0,0,126,74 19,1,132,106
2009_002285 0,0,84,107 12,1,105,321 12,2,33,269 15,3,395,183
2009_002314 0,0,38,404 1,1,362,221
2009_002343 0,0,109,71 7,1,489,146 4,2,373,191 7,3,80,156 15,4,7,140 7,5,39,245
2009_002362 0,0,305,296 16,1,222,469 9,2,366,344
2009_002387 0,0,374,286 7,1,406,197
2009_002409 0,0,92,164 20,1,449,111 9,2,5,218
2009_002416 0,0,153,285 13,1,283,199 13,2,178,272
2009_002419 0,0,306,284 12,1,215,259
2009_002422 0,0,39,33 10,1,327,86 10,2,99,179
2009_002423 0,0,352,293 3,1,366,191
2009_002425 0,0,17,278 15,1,69,83 15,2,213,119 15,3,370,87
2009_002448 0,0,13,283 1,1,270,339
2009_002460 0,0,499,296 12,1,201,232
2009_002472 0,0,402,288 10,1,310,279
2009_002519 0,0,331,96 2,1,400,201
2009_002530 0,0,264,113 4,1,364,164
2009_002543 0,0,378,23 4,1,73,200 4,2,135,243 4,3,422,172 4,4,487,233
2009_002567 0,0,469,293 5,1,24,111 5,2,173,168 5,3,245,176 5,4,366,91
2009_002586 0,0,349,212 12,1,234,160 15,2,422,177
2009_002588 0,0,215,325 10,1,285,99 10,2,167,93 10,3,126,124 10,4,367,239 15,5,59,105
2009_002599 0,0,416,180 1,1,247,170
2009_002613 0,0,195,266 11,1,305,88 9,2,132,137 9,3,19,64 9,4,218,248 9,5,283,26 9,6,381,69 9,7,316,225
2009_002626 0,0,210,273 6,1,40,216
2009_002628 0,0,415,270 8,1,197,236 16,2,329,13
2009_002662 0,0,278,190 4,1,313,132
2009_002674 0,0,423,175 1,1,210,175
2009_002713 0,0,183,95 18,1,352,216
2009_002715 0,0,173,122 15,1,197,306 2,2,315,481
2009_002734 0,0,138,98 19,1,351,143
2009_002763 0,0,489,42 14,1,205,94
2009_002789 0,0,5,114 12,1,301,211
2009_002820 0,0,473,339 3,1,262,76 20,2,303,27
2009_002844 0,0,82,137 9,1,86,153 9,2,152,138 9,3,353,324 9,4,13,336 11,5,161,289
2009_002845 0,0,347,110 12,1,356,298
2009_002849 0,0,474,90 20,1,360,126
2009_002862 0,0,224,151 7,1,340,202
2009_002872 0,0,331,199 20,1,87,206
2009_002885 0,0,391,201 15,1,53,205 15,2,130,201 15,3,327,222 15,4,460,186 11,5,2,313
2009_002897 0,0,326,13 4,1,303,202
2009_002912 0,0,478,243 10,1,105,168 10,2,289,158 10,3,401,175
2009_002914 0,0,216,245 1,1,296,111
2009_002917 0,0,465,118 8,1,251,194
2009_002932 0,0,337,33 15,1,247,291 15,2,330,151 20,3,48,211 9,4,385,274 9,5,268,268
2009_002972 8,1,233,210 18,2,239,49
2009_002984 0,0,132,323 20,1,209,160 20,2,367,159 5,3,391,236 20,4,466,190
2009_002988 0,0,305,258 17,1,289,230 17,2,139,136 17,3,248,124 17,4,199,159 17,5,340,164
2009_002993 0,0,241,19 15,1,66,213 15,2,223,227 15,3,283,258 15,4,406,101 14,5,127,289 14,6,167,326 14,7,343,287 14,8,485,289 15,9,495,150 15,10,1,292
2009_003006 0,0,101,216 11,1,33,323 15,2,222,287
2009_003007 0,0,221,488 2,1,158,281
2009_003012 0,0,437,128 15,1,286,131 14,2,225,214
2009_003034 0,0,96,166 5,1,307,265 5,2,279,303 5,3,157,178 5,4,3,260
2009_003035 0,0,204,30 15,1,226,264 15,2,301,216
2009_003039 0,0,247,1 16,1,387,114 16,2,115,180
2009_003053 0,0,54,217 6,1,86,103 6,2,443,128
2009_003054 0,0,338,30 19,1,283,193
2009_003075 0,0,196,105 2,1,390,221 2,2,207,253
2009_003087 0,0,38,12 18,1,444,245 15,2,134,292
2009_003088 0,0,140,202 3,1,220,164
2009_003090 0,0,47,55 14,1,134,190 15,2,262,93
2009_003142 0,0,171,496 5,1,187,436
2009_003146 0,0,380,148 10,1,269,119
2009_003147 0,0,96,228 1,1,332,177 1,2,224,179 1,3,79,120 1,4,23,131
2009_003164 0,0,486,103 2,1,361,156 2,2,67,174
2009_003172 0,0,154,53 12,1,275,226
2009_003200 0,0,20,109 6,1,175,258
2009_003249 0,0,108,262 17,1,171,270 17,2,11,194
2009_003317 0,0,489,89 9,1,396,189 9,2,429,221 9,3,178,188 9,4,123,190 11,5,215,124
2009_003340 0,0,30,211 15,1,282,161
2009_003345 0,0,341,228 4,1,231,127
2009_003353 0,0,384,31 2,1,111,254 2,2,365,337 15,3,362,167
2009_003361 0,0,328,31 15,1,4,158 15,2,94,90 15,3,228,199 15,4,304,216 11,5,17,244
2009_003369 0,0,75,37 12,1,217,323 12,2,146,344
2009_003455 0,0,191,162 10,1,156,400
2009_003461 0,0,183,56 6,1,399,95
2009_003468 0,0,324,178 15,1,419,248 11,2,110,344 15,3,96,223 5,4,32,349
2009_003497 0,0,148,56 19,1,120,272
2009_003519 0,0,493,281 2,1,230,200 15,2,444,78
2009_003522 0,0,468,151 14,1,397,215 4,2,219,104
2009_003539 0,0,219,61 14,1,317,211
2009_003555 0,0,185,9 6,1,209,128
2009_003613 0,0,176,189 18,1,117,291
2009_003636 0,0,388,1 6,1,327,158 15,2,331,108 7,3,71,191 15,4,7,178
2009_003646 0,0,441,119 20,1,126,264 20,2,55,191 18,3,322,361 15,4,419,232 18,5,28,232 15,6,470,21 2,7,319,229 2,8,468,348
2009_003660 0,0,136,24 8,1,101,285 8,2,264,210 8,3,273,28
2009_003690 0,0,42,106 11,1,405,309 15,2,370,84
2009_003697 0,0,297,174 8,1,35,257 16,2,137,253
2009_003711 0,0,68,351 18,1,225,176 12,2,167,311
2009_003734 0,0,340,221 13,1,363,236 15,2,281,129
2009_003736 0,0,364,76 15,1,370,155
2009_003757 0,0,470,312 6,1,86,153 6,2,98,162 6,3,157,205 6,4,409,52 6,5,277,125 6,6,263,212 6,7,236,167
2009_003768 0,0,298,248 13,1,100,359 15,2,188,214
2009_003783 0,0,363,249 8,1,328,71
2009_003799 0,0,221,201 1,1,360,167
2009_003815 0,0,17,60 16,1,498,195
2009_003820 0,0,314,376 14,1,56,186
2009_003825 0,0,494,45 10,1,127,239 10,2,240,224 10,3,389,306 10,4,465,294
2009_003860 0,0,5,327 2,1,489,226
2009_003865 0,0,186,78 5,1,350,211
2009_003921 0,0,325,47 8,1,175,279 15,2,167,70
2009_003922 0,0,169,288 3,1,286,189
2009_003933 0,0,91,25 10,1,147,237
2009_003961 0,0,27,486 11,1,132,308 9,2,135,341 9,3,190,355 16,4,154,247 9,5,172,325 9,6,246,314
2009_003975 0,0,172,407 10,1,276,245 10,2,177,363
2009_004091 0,0,494,51 18,1,183,277 9,2,342,115
2009_004095 0,0,398,210 12,1,330,173 15,2,205,246
2009_004105 0,0,256,316 13,1,296,191 13,2,56,100
2009_004117 0,0,144,65 14,1,150,238
2009_004171 0,0,202,33 17,1,429,175 17,2,179,199 7,3,249,114
2009_004178 0,0,54,461 4,1,226,308
2009_004180 0,0,272,476 18,1,352,284 9,2,73,316 18,3,421,380
2009_004186 0,0,478,89 10,1,397,197
2009_004191 0,0,12,119 16,1,187,337
2009_004212 0,0,167,366 15,1,220,144
2009_004213 0,0,177,19 19,1,199,160 19,2,457,211 15,3,496,217 19,4,118,236
2009_004228 0,0,421,90 11,1,296,372 9,2,425,349 15,3,258,160 16,4,273,18 5,5,289,323 5,6,311,267 5,7,215,230
2009_004249 0,0,25,118 7,1,62,31 14,2,176,40
2009_004264 0,0,127,127 12,1,323,248 18,2,452,260 18,3,203,235 16,4,410,114
2009_004278 0,0,92,90 4,1,320,216
2009_004301 0,0,46,127 15,1,284,248 15,2,79,360 20,3,243,243 18,4,329,369
2009_004316 0,0,52,140 10,1,358,213
2009_004317 0,0,357,276 1,1,167,196
2009_004327 0,0,350,29 7,1,265,105
2009_004328 0,0,40,134 6,1,24,268 6,2,302,245
2009_004334 0,0,58,281 3,1,158,85 3,2,303,193
2009_004336 0,0,268,24 19,1,65,206 19,2,370,222
2009_004368 0,0,308,5 15,1,335,228 14,2,267,165
2009_004374 0,0,440,51 6,1,159,104
2009_004409 0,0,356,23 1,1,243,206
2009_004417 0,0,238,319 6,1,313,272
2009_004425 0,0,214,312 12,1,417,73 12,2,140,158 12,3,249,193
2009_004426 0,0,441,60 11,1,201,273 9,2,14,323 9,3,339,123 9,4,246,123 9,5,117,201 9,6,38,244 18,7,386,160 18,8,332,130 9,9,213,167 16,10,420,180
2009_004434 0,0,284,214 8,1,347,16
2009_004446 0,0,65,68 1,1,485,19 1,2,482,53 1,3,354,68 1,4,351,202 15,5,172,158
2009_004464 0,0,96,103 18,1,326,157
2009_004479 0,0,452,19 12,1,222,146 9,2,52,136
2009_004519 0,0,321,229 20,1,349,64
2009_004539 0,0,83,83 4,1,183,228
2009_004561 0,0,36,1 2,1,392,178 9,2,125,225
2009_004620 0,0,4,164 1,1,382,197
2009_004626 0,0,470,102 1,1,266,95
2009_004643 0,0,432,248 14,1,183,163 14,2,133,113 14,3,133,40 15,4,53,96 15,5,55,31 15,6,110,14 15,7,191,19 15,8,151,9
2009_004656 0,0,147,67 5,1,6,316 5,2,19,335 5,3,75,245 5,4,112,285 5,5,154,229 5,6,177,256 5,7,221,284 5,8,263,275 5,9,284,276 5,10,337,238 5,11,358,215 5,12,403,247 5,13,453,207 5,14,495,133
2009_004661 0,0,159,394 3,1,303,95 3,2,154,151
2009_004674 0,0,305,3 18,1,206,250 9,2,421,194 15,3,393,211 15,4,228,282 15,5,110,243
2009_004705 0,0,492,108 8,1,318,147
2009_004790 0,0,113,83 13,1,285,329
2009_004805 0,0,439,185 17,1,199,196
2009_004829 0,0,428,137 6,1,206,251
2009_004887 0,0,398,116 8,1,295,139
2009_004888 0,0,187,92 4,1,270,273 4,2,299,186 15,3,238,266 15,4,283,266 15,5,288,248
2009_004890 0,0,343,157 15,1,9,346 15,2,157,303 15,3,238,280 15,4,344,230 9,5,448,316 9,6,364,306 11,7,397,296
2009_004901 0,0,415,357 18,1,148,156 16,2,279,150 9,3,441,260
2009_004904 0,0,475,33 4,1,312,193
2009_004919 0,0,20,21 15,1,396,209 16,2,15,234
2009_004939 0,0,240,122 15,1,200,223 9,2,78,250
2009_004980 0,0,162,296 1,1,422,97
2009_004990 0,0,256,441 16,1,249,28
2009_005000 0,0,280,290 13,1,103,67
2009_005016 0,0,35,374 11,1,373,273 15,2,247,141 9,3,337,80 9,4,6,122 9,5,93,328
2009_005031 0,0,353,131 1,1,189,216
2009_005037 0,0,149,198 8,1,283,148
2009_005055 0,0,197,45 12,1,103,142
2009_005056 0,0,0,55 15,1,328,63 15,2,436,184 15,3,363,170
2009_005069 0,0,337,64 11,1,254,285 16,2,112,43 9,3,21,251
2009_005084 0,0,238,311 19,1,359,187
2009_005085 0,0,440,19 7,1,374,257 15,2,270,174
2009_005107 0,0,5,363 12,1,144,169
2009_005118 0,0,5,30 4,1,234,297
2009_005120 0,0,451,53 1,1,85,142
2009_005128 0,0,349,481 19,1,136,203
2009_005130 0,0,27,227 13,1,327,243
2009_005141 0,0,12,318 15,1,199,199
2009_005145 0,0,464,240 11,1,395,372 9,2,221,310
2009_005160 0,0,403,342 8,1,182,141
2009_005177 0,0,48,12 8,1,382,258 8,2,159,266 8,3,184,126
2009_005194 0,0,408,333 14,1,142,250 14,2,135,223
2009_005234 0,0,40,73 3,1,185,246
2009_005236 0,0,328,187 8,1,108,173 8,2,168,327
2009_005247 0,0,23,7 15,1,188,187 14,2,178,197
2009_005269 0,0,381,394 13,1,125,293 13,2,290,262 15,3,312,138 15,4,126,136
2009_005287 0,0,399,343 19,1,250,196
2010_000002 0,0,48,215 17,1,142,120
2010_000043 0,0,100,172 8,1,166,201 7,2,433,262
2010_000063 0,0,196,341 10,1,274,116 10,2,139,169 10,3,55,175
2010_000075 0,0,348,286 3,1,312,389
2010_000076 0,0,402,210 7,1,487,89 14,2,255,152 15,3,266,132
2010_000114 0,0,328,102 8,1,59,145
2010_000117 0,0,438,56 17,1,257,204
2010_000131 0,0,42,71 5,1,220,231 15,2,208,191
2010_000132 0,0,23,253 16,1,290,265
2010_000148 0,0,396,143 6,1,185,101 7,2,455,155 15,3,130,278 15,4,234,205 15,5,22,199
2010_000187 0,0,320,357 6,1,222,36 6,2,475,126 6,3,49,134
2010_000189 0,0,335,255 17,1,353,152
2010_000195 0,0,481,56 4,1,385,144
2010_000269 0,0,292,22 8,1,291,231 9,2,409,47 9,3,144,10 11,4,328,302
2010_000285 0,0,485,209 1,1,246,194
2010_000371 0,0,474,244 15,1,303,47 15,2,222,58 15,3,424,90 15,4,492,16 14,5,239,157 14,6,131,63
2010_000392 0,0,230,167 1,1,282,186
2010_000404 0,0,301,497 8,1,289,255
2010_000436 0,0,407,249 17,1,141,88 17,2,209,166
2010_000437 0,0,412,315 1,1,194,204
2010_000466 0,0,439,65 7,1,56,189
2010_000469 0,0,47,344 8,1,196,239
2010_000492 0,0,361,139 9,1,229,282 9,2,473,340 5,3,93,315 15,4,181,207
2010_000498 0,0,451,51 10,1,349,252
2010_000503 0,0,224,124 7,1,344,214 15,2,180,365 15,3,277,328 15,4,220,314
2010_000519 0,0,169,19 8,1,245,248
2010_000567 0,0,97,70 16,1,43,405
2010_000588 0,0,118,322 5,1,242,220 9,2,36,181 9,3,243,128 18,4,479,355
2010_000632 0,0,13,289 2,1,202,142
2010_000661 0,0,365,76 8,1,424,155
2010_000675 0,0,204,2 8,1,57,354
2010_000685 0,0,437,352 2,1,372,253
2010_000746 0,0,339,29 12,1,292,242
2010_000748 0,0,4,111 4,1,195,142 15,2,138,233 15,3,159,232
2010_000772 0,0,302,56 15,1,147,236 15,2,277,114
2010_000787 0,0,183,177 9,1,324,204 20,2,284,211 20,3,439,185
2010_000810 0,0,194,180 3,1,135,192
2010_000815 0,0,226,257 8,1,93,159
2010_000847 0,0,40,348 17,1,222,168 17,2,296,184 17,3,342,164
2010_000855 0,0,126,27 6,1,248,104 6,2,82,194 6,3,469,225 6,4,68,128 15,5,429,211
2010_000885 0,0,398,125 1,1,443,27 1,2,232,184 1,3,171,216
2010_000887 0,0,52,196 4,1,372,105
2010_000978 0,0,114,157 17,1,242,222 17,2,197,164
2010_000986 0,0,406,24 1,1,331,110
2010_001043 0,0,276,48 7,1,463,112 7,2,419,165 7,3,391,197 7,4,18,138 7,5,70,160
2010_001120 0,0,307,238 3,1,226,85 15,2,70,284 15,3,199,305
2010_001131 0,0,370,305 11,1,80,496 15,2,122,199 5,3,319,370
2010_001154 0,0,437,274 12,1,174,177
2010_001160 0,0,161,285 17,1,288,355 17,2,159,499 17,3,109,339 17,4,128,300 17,5,360,419 17,6,166,204 17,7,200,205 17,8,204,206 17,9,24,226 17,10,10,229
2010_001177 0,0,263,173 8,1,218,341
2010_001183 0,0,106,213 2,1,204,91
2010_001184 0,0,313,63 13,1,117,335 15,2,57,309
2010_001195 0,0,175,124 8,1,305,145
2010_001245 0,0,152,78 17,1,221,293 15,2,56,168
2010_001247 0,0,26,277 8,1,171,83 8,2,256,112 8,3,186,122 8,4,203,165
2010_001261 0,0,222,23 11,1,364,384 9,2,200,294
2010_001273 0,0,428,128 12,1,107,266
2010_001279 0,0,420,310 12,1,426,233 12,2,187,149 12,3,145,162
2010_001282 0,0,340,78 12,1,438,231
2010_001329 0,0,54,29 13,1,286,167 15,2,343,125
2010_001347 8,1,154,149
2010_001374 0,0,455,173 19,1,319,305
2010_001386 0,0,74,267 8,1,90,137
2010_001399 0,0,464,311 12,1,176,196 12,2,377,219 15,3,276,136
2010_001413 0,0,259,308 1,1,208,194 7,2,492,210 15,3,476,199 15,4,491,188
2010_001418 0,0,480,11 8,1,113,358 5,2,201,58 15,3,430,298
2010_001422 0,0,242,370 12,1,2,318 15,2,456,101
2010_001457 0,0,100,26 8,1,370,125
2010_001514 0,0,409,274 2,1,29,310 9,2,375,1 18,3,11,46
2010_001515 0,0,287,480 19,1,37,341
2010_001561 0,0,387,39 7,1,57,122
2010_001562 0,0,402,147 20,1,472,129
2010_001576 0,0,484,123 11,1,8,353 15,2,437,153
2010_001590 0,0,420,32 8,1,211,215
2010_001595 0,0,405,325 13,1,182,154 13,2,409,208 13,3,269,132
2010_001618 0,0,202,348 17,1,281,190 17,2,183,184
2010_001619 0,0,268,74 15,1,10,305 15,2,163,290 15,3,124,272 15,4,247,198 15,5,322,277 15,6,219,266 15,7,468,182
2010_001630 0,0,305,318 6,1,194,233 6,2,392,163
2010_001660 0,0,45,197 8,1,285,59
2010_001676 0,0,47,258 13,1,352,99 13,2,237,178
2010_001706 0,0,311,43 12,1,277,145
2010_001732 0,0,28,71 6,1,296,119 6,2,112,200 7,3,276,94 7,4,283,82 6,5,282,68 7,6,299,82 6,7,297,74
2010_001748 0,0,9,294 15,1,479,261 15,2,36,230 15,3,485,201 19,4,390,239
2010_001807 0,0,52,403 10,1,164,409 4,2,243,319 15,3,119,413 15,4,140,422 15,5,240,363
2010_001842 0,0,153,96 8,1,241,255
2010_001849 0,0,233,285 9,1,368,317 9,2,413,72 9,3,460,134
2010_001850 0,0,100,80 12,1,150,272 12,2,118,238 15,3,489,119 7,4,331,264 7,5,380,236 7,6,403,151
2010_001852 0,0,266,190 13,1,410,69 13,2,173,197
2010_001860 0,0,352,128 20,1,255,24
2010_001922 0,0,450,290 2,1,403,233 2,2,360,78
2010_001923 0,0,329,291 14,1,240,105 15,2,193,11 15,3,261,19 15,4,398,95
2010_001933 0,0,47,104 12,1,318,43 18,2,443,319
2010_001939 0,0,338,118 8,1,204,162 20,2,417,154 11,3,387,274
2010_001944 0,0,282,41 12,1,373,262
2010_002018 0,0,216,222 10,1,367,134 10,2,395,159 10,3,454,126 10,4,241,171 15,5,108,127 15,6,217,111 15,7,127,75 15,8,324,92 15,9,356,92 15,10,385,124
2010_002020 0,0,77,178 12,1,223,130
2010_002032 0,0,322,342 9,1,280,266 9,2,266,231 9,3,83,295 9,4,199,291 9,5,265,202 11,6,121,278
2010_002039 0,0,254,330 17,1,220,190 17,2,291,246 17,3,323,202 17,4,404,235 7,5,426,33 15,6,5,98 15,7,262,167 15,8,280,173 15,9,315,148 15,10,349,111 15,11,409,112 15,12,473,208 15,13,482,217
2010_002047 0,0,199,33 10,1,114,111
2010_002054 0,0,231,185 17,1,423,246 17,2,371,251 17,3,343,260 17,4,7,248
2010_002055 0,0,337,335 2,1,190,282 15,2,261,272 15,3,290,309 5,4,261,312 16,5,45,302
2010_002070 0,0,379,127 9,1,411,220 9,2,8,264 15,3,36,298 15,4,355,155 11,5,200,229
2010_002097 0,0,174,337 20,1,405,204 20,2,190,145
2010_002107 0,0,496,47 7,1,183,138 7,2,326,183 15,3,496,220
2010_002139 0,0,199,417 10,1,260,208 15,2,188,183 15,3,213,133
2010_002154 0,0,465,202 15,1,290,311
2010_002166 0,0,404,349 15,1,90,143 15,2,274,85 9,3,196,98 9,4,72,80
2010_002203 0,0,49,77 6,1,286,158
2010_002218 0,0,268,105 6,1,146,410
2010_002236 0,0,152,285 7,1,188,257
2010_002254 0,0,4,346 10,1,59,163 10,2,352,101
2010_002286 0,0,494,353 8,1,131,95
2010_002338 0,0,303,289 12,1,182,205
2010_002363 0,0,25,361 7,1,373,302 15,2,405,68
2010_002379 0,0,416,252 16,1,244,204
2010_002382 0,0,291,372 12,1,394,266 12,2,195,291
2010_002387 0,0,0,166 7,1,227,260 7,2,484,250 7,3,462,244
2010_002413 0,0,402,63 6,1,496,151 6,2,308,150 6,3,129,214 6,4,16,159 6,5,72,162 6,6,55,143
2010_002418 0,0,26,3 11,1,276,369 9,2,63,368 9,3,262,438 9,4,222,303 9,5,37,292
2010_002440 0,0,7,325 15,1,54,247 15,2,225,276 15,3,432,365 5,4,225,156 15,5,461,66
2010_002455 0,0,478,208 5,1,392,216
2010_002457 0,0,244,75 15,1,171,329 5,2,285,343 7,3,215,184
2010_002499 0,0,56,325 12,1,250,191
2010_002527 0,0,209,259 12,1,43,26 18,2,217,175
2010_002532 0,0,469,101 1,1,285,139
2010_002551 0,0,103,108 12,1,437,123
2010_002556 0,0,343,159 19,1,69,266
2010_002570 0,0,218,8 12,1,163,357 15,2,483,186
2010_002573 0,0,157,360 8,1,293,109
2010_002625 0,0,307,16 15,1,300,153 8,2,126,165
2010_002659 0,0,333,381 12,1,413,76 18,2,135,3
2010_002697 0,0,407,35 19,1,214,208
2010_002720 0,0,269,17 2,1,349,226 2,2,174,177 15,3,383,120 15,4,92,135
2010_002733 0,0,388,133 16,1,297,216
2010_002750 0,0,3,304 17,1,166,190
2010_002778 0,0,59,389 8,1,184,352
2010_002786 0,0,469,104 12,1,92,203
2010_002794 0,0,350,209 12,1,296,251 12,2,197,231
2010_002811 0,0,245,39 8,1,383,226 18,2,265,291 11,3,221,118 9,4,121,165 9,5,298,162
2010_002815 0,0,322,410 9,1,119,458
2010_002838 0,0,258,88 19,1,416,133 19,2,47,309
2010_002856 0,0,399,93 12,1,145,25
2010_002870 0,0,301,460 9,1,217,258 9,2,300,202 9,3,313,157 9,4,287,153
2010_002892 0,0,32,311 1,1,239,164
2010_002907 0,0,72,401 12,1,349,33 12,2,375,253 12,3,153,251 12,4,246,120
2010_002935 0,0,71,158 3,1,279,68
2010_002937 0,0,136,293 19,1,248,253
2010_002938 0,0,368,298 12,1,265,159
2010_002962 0,0,226,5 18,1,63,291 15,2,13,174 15,3,119,192 15,4,420,202 15,5,157,201 15,6,248,275 15,7,314,214 15,8,421,233
2010_002973 0,0,111,471 8,1,85,267
2010_003010 0,0,272,180 12,1,342,213 12,2,104,226 15,3,227,63
2010_003017 0,0,140,145 5,1,175,172 5,2,382,373 15,3,133,343 15,4,279,342 15,5,481,239 9,6,340,234 16,7,141,179 16,8,86,233 16,9,47,227 16,10,7,221
2010_003062 0,0,114,145 2,1,271,257 15,2,237,235
2010_003088 0,0,34,236 1,1,338,177
2010_003093 0,0,248,327 2,1,359,310 15,2,286,257 5,3,306,368
2010_003097 0,0,426,101 3,1,227,194
2010_003114 0,0,193,109 12,1,352,319 18,2,199,326
2010_003119 0,0,198,229 3,1,237,162
2010_003153 0,0,165,359 17,1,230,246
2010_003157 0,0,136,339 9,1,202,265 9,2,89,192 11,3,136,218
2010_003170 0,0,356,259 9,1,357,370
2010_003174 0,0,298,249 8,1,184,370 18,2,297,107
2010_003203 0,0,220,44 18,1,241,385 18,2,83,326 9,3,72,273 9,4,13,295 4,5,391,173 16,6,151,306 16,7,115,281
2010_003230 0,0,81,332 8,1,268,159
2010_003250 0,0,273,368 15,1,142,196 15,2,337,116 15,3,418,165
2010_003252 0,0,496,152 17,1,274,195
2010_003269 0,0,54,356 12,1,312,195
2010_003274 0,0,324,203 19,1,240,247
2010_003342 0,0,433,244 12,1,310,303
2010_003345 0,0,92,10 10,1,345,202
2010_003380 0,0,2,47 13,1,17,339
2010_003383 0,0,400,223 10,1,400,196 10,2,269,285 10,3,57,45 10,4,17,147
2010_003384 0,0,202,0 19,1,214,238
2010_003529 0,0,443,369 14,1,334,145
2010_003534 0,0,231,261 6,1,173,166
2010_003599 0,0,94,300 15,1,151,227 15,2,193,206 15,3,285,245 4,4,442,271 4,5,50,47 4,6,447,43 4,7,305,44
2010_003634 0,0,239,53 9,1,145,284
2010_003651 0,0,271,430 16,1,160,354
2010_003665 0,0,431,336 8,1,196,159 9,2,305,370
2010_003670 0,0,291,105 17,1,181,177 17,2,122,210 12,3,288,202 15,4,104,209 15,5,147,159
2010_003680 0,0,146,247 1,1,336,208
2010_003696 0,0,427,31 8,1,197,23
2010_003717 0,0,89,164 18,1,325,208 5,2,475,321
2010_003737 0,0,80,133 1,1,454,209
2010_003798 0,0,335,202 1,1,98,231
2010_003799 0,0,154,363 2,1,229,140
2010_003884 0,0,232,37 12,1,185,363 15,2,327,282 15,3,102,199
2010_003887 0,0,2,199 8,1,273,225 8,2,103,201
2010_003894 0,0,371,359 12,1,295,383 12,2,132,203 15,3,115,158 15,4,397,389 9,5,481,391 9,6,71,293
2010_003899 0,0,177,29 4,1,265,247 4,2,349,314
2010_003911 0,0,222,30 4,1,114,281 4,2,179,287
2010_003925 0,0,499,13 8,1,285,195 9,2,464,282
2010_003950 0,0,382,287 8,1,165,103
2010_003954 0,0,311,190 17,1,61,208
2010_003958 0,0,291,237 12,1,162,184
2010_003974 0,0,33,269 8,1,422,334
2010_004005 0,0,266,10 7,1,348,239 7,2,112,263
2010_004025 0,0,484,25 18,1,444,252 15,2,290,237
2010_004060 0,0,361,16 8,1,156,195
2010_004069 0,0,24,94 15,1,270,46 2,2,239,130
2010_004071 0,0,478,126 3,1,52,186 3,2,178,316 3,3,288,284 3,4,293,335
2010_004072 0,0,93,297 2,1,146,197 16,2,266,190
2010_004074 0,0,226,288 17,1,221,116
2010_004109 0,0,183,56 18,1,408,165 20,2,125,128 5,3,82,183 15,4,437,211
2010_004119 0,0,302,85 14,1,187,89
2010_004144 0,0,115,301 8,1,256,196
2010_004154 0,0,480,235 2,1,248,227 2,2,146,176
2010_004171 0,0,44,253 8,1,291,273
2010_004180 0,0,438,237 6,1,410,364 15,2,268,317
2010_004186 0,0,164,16 7,1,420,167 7,2,217,147 7,3,178,344 15,4,463,192 15,5,491,134
2010_004210 0,0,145,34 10,1,482,245 10,2,183,171 10,3,15,155 15,4,248,120 15,5,274,116
2010_004222 0,0,4,284 9,1,317,302 15,2,102,420 15,3,245,462
2010_004258 0,0,102,58 7,1,411,231
2010_004283 0,0,108,404 10,1,317,177
2010_004288 0,0,315,220 5,1,180,390
2010_004289 0,0,125,127 14,1,163,327 15,2,225,183 15,3,191,269
2010_004306 0,0,335,119 8,1,283,261 20,2,124,71 9,3,459,187
2010_004361 0,0,261,28 11,1,328,248 9,2,150,250 9,3,275,269 9,4,426,351 9,5,305,367 9,6,121,178 15,7,316,180
2010_004363 0,0,377,275 13,1,223,132 9,2,151,65
2010_004365 0,0,179,39 8,1,110,299
2010_004370 0,0,45,180 12,1,244,72 15,2,98,43
2010_004429 0,0,288,338 9,1,343,243 9,2,427,219 20,3,422,104 5,4,50,264
2010_004450 0,0,410,342 12,1,244,205
2010_004478 0,0,174,86 19,1,225,233
2010_004481 0,0,51,371 18,1,190,136 15,2,356,302 15,3,108,117
2010_004493 0,0,359,28 12,1,470,371 4,2,6,38 4,3,55,30
2010_004499 0,0,275,151 17,1,384,244 17,2,337,246 17,3,258,234 15,4,62,174 17,5,470,249 17,6,192,254 17,7,293,253 17,8,163,249
2010_004540 0,0,368,273 8,1,302,186
2010_004560 0,0,232,363 17,1,85,122 17,2,278,250 15,3,10,154
2010_004577 0,0,35,114 7,1,372,224 7,2,496,22 7,3,459,31 15,4,98,59 9,5,141,56 15,6,4,71 15,7,89,57 7,8,98,22 15,9,99,38
2010_004598 0,0,196,14 10,1,280,194
2010_004616 0,0,84,54 6,1,131,267
2010_004620 0,0,246,41 12,1,144,299 12,2,338,193
2010_004625 0,0,95,256 6,1,409,118 15,2,265,141 15,3,50,166 7,4,2,181
2010_004669 0,0,249,282 19,1,170,85
2010_004683 0,0,82,128 12,1,271,112 16,2,90,213 16,3,58,242 16,4,244,96 16,5,173,25
2010_004694 0,0,177,125 17,1,140,274
2010_004704 0,0,189,350 17,1,205,159 17,2,92,221 17,3,4,249 15,4,365,247
2010_004721 0,0,135,21 1,1,42,168 1,2,389,110
2010_004760 0,0,57,7 12,1,372,228 8,2,148,314
2010_004766 0,0,16,137 14,1,265,157
2010_004773 0,0,300,172 15,1,226,346 15,2,272,322 4,3,233,375
2010_004805 0,0,149,191 9,1,337,288 18,2,48,237 20,3,270,145
2010_004808 0,0,336,464 8,1,172,205
2010_004900 0,0,457,130 12,1,132,262
2010_004916 0,0,14,74 12,1,362,180
2010_004933 0,0,202,467 8,1,182,187 16,2,201,3
2010_004938 0,0,52,336 1,1,96,156 1,2,488,221 1,3,289,230
2010_004948 0,0,33,405 3,1,154,180
2010_004960 0,0,75,212 3,1,292,154
2010_004963 0,0,198,13 8,1,284,250
2010_005016 0,0,92,71 3,1,268,156
2010_005028 0,0,149,141 3,1,241,169
2010_005055 0,0,439,110 19,1,219,81
2010_005064 0,0,252,84 12,1,319,95 12,2,135,213
2010_005098 0,0,66,107 17,1,225,244 17,2,303,106
2010_005106 0,0,316,369 1,1,218,227 15,2,12,236
2010_005111 0,0,322,314 2,1,180,213 15,2,311,190 5,3,242,241
2010_005119 0,0,6,176 7,1,150,93
2010_005128 0,0,118,328 8,1,251,198
2010_005129 0,0,180,162 3,1,191,203
2010_005198 0,0,251,195 4,1,203,319
2010_005202 0,0,31,31 8,1,407,286
2010_005217 0,0,42,21 3,1,229,176
2010_005223 0,0,375,140 10,1,321,186 10,2,261,193 10,3,163,155 10,4,73,159
2010_005232 0,0,55,68 8,1,324,122
2010_005277 0,0,426,246 6,1,430,130 15,2,303,153
2010_005317 0,0,57,404 8,1,144,192
2010_005318 0,0,60,74 7,1,117,184 15,2,256,137 15,3,93,75 15,4,106,73 15,5,171,140 15,6,267,104 15,7,321,77 9,8,137,135
2010_005419 0,0,445,143 12,1,198,211 5,2,289,156 5,3,318,156 5,4,347,160 5,5,347,195 5,6,325,190 5,7,291,199 15,8,421,46
2010_005429 0,0,448,77 14,1,383,171
2010_005450 0,0,277,27 20,1,250,93
2010_005457 0,0,201,361 6,1,204,218 7,2,494,208
2010_005468 0,0,463,183 10,1,211,249
2010_005471 0,0,322,113 13,1,188,363 15,2,255,421
2010_005494 0,0,256,220 14,1,289,151 15,2,262,148
2010_005500 0,0,445,177 12,1,157,226 15,2,231,139
2010_005505 0,0,94,298 8,1,328,156
2010_005506 0,0,345,304 19,1,295,254
2010_005513 0,0,183,219 8,1,24,331 8,2,266,346
2010_005519 0,0,5,231 17,1,395,230 17,2,237,182 17,3,268,183
2010_005522 0,0,360,20 12,1,367,248
2010_005596 0,0,270,372 6,1,391,189 15,2,472,227 15,3,373,243
2010_005627 0,0,410,305 8,1,140,110 8,2,407,230
2010_005643 0,0,267,278 19,1,229,159
2010_005652 0,0,289,451 8,1,178,188
2010_005663 0,0,110,450 5,1,92,214 7,2,52,267 7,3,284,229
2010_005669 0,0,329,212 12,1,231,165 12,2,243,124
2010_005678 0,0,241,356 20,1,46,65
2010_005700 0,0,465,47 15,1,303,18 7,2,188,341 7,3,40,228
2010_005721 0,0,12,237 14,1,72,96 14,2,75,283
2010_005723 0,0,133,255 15,1,243,130
2010_005725 0,0,65,199 3,1,197,195
2010_005734 0,0,360,246 18,1,86,241
2010_005744 0,0,427,185 20,1,197,126
2010_005746 0,0,239,272 9,1,160,48 9,2,394,137
2010_005755 0,0,247,72 9,1,169,241 9,2,325,247 11,3,373,312
2010_005758 0,0,391,108 15,1,233,107 15,2,164,145 15,3,307,145 15,4,423,315 15,5,45,354 15,6,244,259 16,7,344,185 9,8,499,245 9,9,497,237 16,10,443,90
2010_005775 0,0,197,4 12,1,200,185 9,2,43,247
2010_005791 0,0,485,366 8,1,266,157
2010_005796 0,0,132,58 12,1,41,181 8,2,180,193
2010_005800 0,0,65,201 9,1,171,269
2010_005805 0,0,46,64 8,1,332,137 20,2,196,264
2010_005810 0,0,228,241 2,1,331,132 15,2,382,205 15,3,445,96 15,4,426,75 15,5,453,71 19,6,256,109
2010_005820 0,0,458,217 17,1,243,206
2010_005830 0,0,241,226 18,1,365,357 9,2,394,355 15,3,352,131 15,4,68,227 15,5,228,273 15,6,158,280 16,7,8,267
2010_005835 0,0,43,227 15,1,332,289 9,2,82,356
2010_005836 0,0,490,222 7,1,43,195 7,2,390,72 7,3,238,89 7,4,248,103 14,5,484,122
2010_005876 0,0,136,368 15,1,232,107 16,2,50,213 14,3,334,277
2010_005891 0,0,42,160 7,1,232,168
2010_005898 0,0,419,45 12,1,355,148 15,2,410,285 18,3,54,225
2010_005919 0,0,348,320 13,1,205,140
2010_005927 0,0,131,297 4,1,382,223 4,2,128,152
2010_005932 0,0,355,63 16,1,311,94
2010_005951 0,0,303,8 7,1,191,187
2010_005952 0,0,280,78 5,1,160,425
2010_005978 0,0,452,238 1,1,173,157
2010_005982 0,0,455,296 12,1,227,174 9,2,125,241
2010_006009 0,0,172,118 12,1,435,307 7,2,15,59
2011_000003 0,0,84,268 5,1,381,202 15,2,217,238 15,3,401,238
2011_000006 0,0,64,35 18,1,240,268 15,2,314,190 15,3,196,125 15,4,243,206 9,5,304,340 15,6,422,111
2011_000025 0,0,65,45 6,1,310,323 6,2,38,238 7,3,448,223 7,4,440,197
2011_000027 0,0,279,238 5,1,244,325 5,2,179,381
2011_000068 0,0,320,220 3,1,423,271
2011_000069 0,0,269,216 10,1,175,203 10,2,31,275 15,3,395,205
2011_000105 0,0,271,347 19,1,434,215
2011_000108 0,0,345,126 8,1,269,130 9,2,247,194
2011_000116 0,0,281,343 1,1,168,180
2011_000122 0,0,124,1 12,1,281,311 18,2,489,143
2011_000145 0,0,101,459 16,1,185,290
2011_000149 0,0,28,344 3,1,101,251
2011_000152 0,0,166,295 9,1,150,154 9,2,22,216
2011_000182 0,0,239,41 18,1,324,148 15,2,278,163 15,3,42,330
2011_000197 0,0,82,35 19,1,476,303
2011_000208 0,0,498,310 6,1,309,113 6,2,421,288 6,3,11,207 15,4,24,237
2011_000216 0,0,108,41 12,1,221,267
2011_000219 0,0,224,160 10,1,214,82 3,2,354,194
2011_000221 0,0,69,182 19,1,202,155 15,2,345,150 15,3,336,128 15,4,281,106
2011_000222 0,0,59,306 3,1,307,306
2011_000228 0,0,86,237 10,1,346,160 10,2,284,170 10,3,247,171
2011_000243 0,0,82,3 1,1,84,171
2011_000252 0,0,448,240 7,1,401,280 15,2,145,152 15,3,103,148 7,4,22,155
2011_000258 0,0,93,144 6,1,300,237 7,2,12,207 15,3,460,266 15,4,390,190 15,5,331,186 15,6,343,191 15,7,304,185
2011_000268 0,0,258,109 3,1,221,149 3,2,249,146
2011_000277 0,0,229,347 19,1,68,294 15,2,269,192
2011_000278 0,0,459,32 4,1,160,225 15,2,137,227 15,3,126,226 15,4,7,254 7,5,219,193 7,6,198,199 7,7,91,204
2011_000293 0,0,378,45 7,1,414,206
2011_000345 0,0,36,180 8,1,193,193
2011_000359 0,0,357,128 1,1,131,285
2011_000379 0,0,14,153 8,1,307,165 18,2,317,12
2011_000382 0,0,352,171 20,1,107,115 20,2,166,71 5,3,470,162 9,4,489,218
2011_000400 0,0,320,409 20,1,196,255
2011_000428 0,0,499,5 12,1,246,141
2011_000449 0,0,227,252 12,1,366,272
2011_000453 0,0,339,167 2,1,331,218 2,2,468,25 15,3,206,23 5,4,180,211 5,5,245,310
2011_000457 0,0,28,243 18,1,171,319
2011_000468 0,0,483,126 16,1,359,150
2011_000469 0,0,376,327 8,1,301,82
2011_000513 0,0,44,297 19,1,357,162
2011_000542 0,0,308,341 12,1,158,335
2011_000550 0,0,94,309 18,1,195,235
2011_000551 0,0,497,160 6,1,115,203 6,2,302,169
2011_000556 0,0,24,301 4,1,320,144 4,2,50,210
2011_000573 0,0,23,200 9,1,278,318 9,2,450,191 11,3,115,189 9,4,105,260 9,5,186,164
2011_000577 0,0,386,365 12,1,190,196 15,2,327,190 15,3,297,129
2011_000589 0,0,156,46 15,1,439,131 15,2,104,116 2,3,25,82
2011_000594 0,0,345,303 13,1,225,65 15,2,106,15
2011_000637 0,0,377,40 14,1,107,166 15,2,333,11 15,3,234,5 15,4,267,33 15,5,176,25 15,6,137,45 14,7,15,34 14,8,481,20
2011_000641 0,0,206,155 17,1,422,251 17,2,334,231 17,3,96,240
2011_000642 0,0,421,151 15,1,201,145 15,2,273,238 15,3,459,183
2011_000646 0,0,60,3 18,1,115,257 15,2,102,336 15,3,264,161 15,4,194,226
2011_000651 0,0,197,460 14,1,118,383
2011_000652 0,0,414,283 14,1,209,38
2011_000713 0,0,44,83 5,1,313,285 15,2,138,139
2011_000758 8,1,120,105 8,2,170,224 8,3,452,124
2011_000768 0,0,107,25 15,1,152,122 15,2,461,254
2011_000771 0,0,480,146 13,1,378,177 13,2,150,165
2011_000790 0,0,256,156 1,1,211,190
2011_000793 0,0,72,146 1,1,154,300 1,2,430,227
2011_000834 0,0,192,223 3,1,150,152 3,2,149,131 17,3,338,193 17,4,111,177 15,5,37,38 15,6,27,46 15,7,21,35 15,8,14,35 15,9,4,46
2011_000840 0,0,102,303 13,1,119,219 13,2,402,170
2011_000882 0,0,316,19 1,1,283,346 15,2,203,159
2011_000893 0,0,355,18 13,1,421,330 13,2,186,361 13,3,165,183 13,4,240,271
2011_000895 0,0,140,18 19,1,191,315
2011_000920 0,0,106,420 5,1,237,163
2011_000934 0,0,338,194 16,1,163,454 15,2,124,444
2011_000944 0,0,453,358 19,1,282,76
2011_000973 0,0,247,423 8,1,148,445
2011_000982 0,0,305,91 13,1,108,360 13,2,209,266
2011_000997 0,0,297,209 19,1,75,91 15,2,265,137
2011_000999 0,0,108,370 8,1,283,240
2011_001004 0,0,14,321 7,1,96,215
2011_001015 0,0,17,156 6,1,119,300 15,2,7,270
2011_001027 0,0,425,152 15,1,280,341 15,2,229,216 15,3,180,200 15,4,171,136 18,5,449,319 9,6,296,147
2011_001133 0,0,411,125 1,1,235,258
2011_001135 0,0,316,154 8,1,243,181 9,2,253,459
2011_001139 0,0,112,2 3,1,336,114 3,2,111,117 9,3,52,13 11,4,180,301
2011_001166 0,0,140,261 19,1,424,259
2011_001175 0,0,231,24 16,1,227,150 16,2,370,199 18,3,122,243 9,4,371,256 9,5,297,199 9,6,264,202 9,7,210,171
2011_001198 0,0,54,11 12,1,261,178 18,2,37,289
2011_001211 0,0,97,390 3,1,248,336
2011_001259 0,0,100,8 3,1,162,195
2011_001270 0,0,419,18 6,1,283,171 7,2,22,229
2011_001336 0,0,74,1 11,1,332,256 15,2,67,70 15,3,190,105 15,4,337,151
2011_001400 0,0,347,288 15,1,16,288
2011_001402 0,0,480,153 9,1,86,235 9,2,47,171 9,3,16,240 18,4,404,319
2011_001411 0,0,124,85 6,1,401,257
2011_001412 0,0,199,62 16,1,152,110 18,2,69,143 9,3,156,124 9,4,318,196 9,5,362,181 9,6,488,127 11,7,345,241
2011_001432 0,0,3,195 3,1,295,146
2011_001463 0,0,46,134 3,1,255,162
2011_001475 0,0,11,109 15,1,309,87
2011_001479 0,0,51,354 6,1,302,217
2011_001519 0,0,59,34 6,1,315,200 15,2,488,235
2011_001536 0,0,442,284 6,1,384,148 15,2,392,161
2011_001542 0,0,255,324 7,1,317,101 7,2,314,129
2011_001571 0,0,332,101 5,1,251,323 5,2,193,230 5,3,180,208 5,4,67,294 5,5,163,319 9,6,433,295 9,7,20,258 11,8,173,319 15,9,270,168 15,10,168,182
2011_001621 0,0,483,207 9,1,95,260 15,2,487,172 15,3,81,271 15,4,203,255
2011_001622 0,0,444,300 16,1,149,175 16,2,58,183 16,3,25,175 16,4,104,183 16,5,195,173 16,6,171,168 16,7,415,174 16,8,401,174 16,9,375,175 16,10,311,170 16,11,280,166 16,12,218,168 16,13,232,175
2011_001632 0,0,150,68 2,1,56,289 7,2,75,328 15,3,279,115 15,4,342,116
2011_001652 0,0,203,294 3,1,132,82 3,2,251,157
2011_001653 0,0,244,264 10,1,123,203 10,2,389,145 10,3,311,218 10,4,496,261 10,5,327,13 10,6,171,26
2011_001695 0,0,201,368 7,1,174,270 7,2,407,288 7,3,189,271 7,4,311,282
2011_001710 0,0,361,436 4,1,341,437 15,2,240,167 15,3,133,190
2011_001730 0,0,123,226 20,1,359,327 15,2,252,73
2011_001753 0,0,27,311 1,1,188,162
2011_001754 0,0,335,27 8,1,145,242
2011_001764 0,0,391,270 3,1,322,170
2011_001765 0,0,133,77 14,1,214,124 15,2,310,240
2011_001790 0,0,383,32 15,1,26,183 15,2,231,91 15,3,390,92
2011_001810 0,0,373,284 17,1,192,188 17,2,291,147
2011_001855 12,1,275,259
2011_001866 0,0,462,74 3,1,85,360
2011_001875 0,0,157,208 1,1,188,165 1,2,240,329
2011_001895 0,0,475,95 18,1,61,258 15,2,179,29 15,3,426,231
2011_001902 0,0,369,286 3,1,139,263
2011_001904 0,0,35,73 19,1,187,284 19,2,66,268 15,3,435,290 15,4,495,305
2011_001922 0,0,200,48 18,1,7,196 15,2,229,232 15,3,157,124
2011_001924 0,0,387,69 3,1,204,133
2011_001928 0,0,97,34 20,1,230,94 16,2,470,59 15,3,114,169 15,4,448,216
2011_001959 0,0,154,103 3,1,267,174
2011_001967 0,0,69,24 3,1,331,396
2011_001972 0,0,208,246 9,1,438,188
2011_001974 0,0,390,122 18,1,181,176
2011_001991 0,0,395,295 4,1,432,166
2011_002027 0,0,485,150 17,1,121,370
2011_002050 0,0,407,22 4,1,297,184 4,2,7,286
2011_002107 0,0,482,213 14,1,0,282
2011_002111 0,0,444,60 2,1,209,113 2,2,308,100 7,3,476,42 15,4,351,52 5,5,173,179 5,6,198,170
2011_002114 0,0,192,33 1,1,380,146
2011_002119 0,0,180,25 17,1,413,94 17,2,190,175 17,3,291,206 17,4,471,347 17,5,32,257
2011_002134 0,0,478,209 10,1,117,189 10,2,152,124 10,3,253,166 10,4,413,161
2011_002135 0,0,54,274 2,1,86,353 7,2,70,52 7,3,320,72 5,4,251,417 15,5,405,255 15,6,363,38 2,7,227,25 15,8,455,22 7,9,406,10
2011_002149 0,0,486,247 15,1,111,288 15,2,84,199
2011_002222 0,0,38,123 1,1,244,239
2011_002224 0,0,204,424 7,1,159,294
2011_002227 0,0,5,91 6,1,357,106 15,2,263,126 15,3,224,240 15,4,172,264 15,5,124,193 15,6,123,352 15,7,26,241
2011_002246 0,0,229,347 3,1,251,70
2011_002291 0,0,11,286 18,1,22,171 15,2,195,222 15,3,331,111 15,4,485,98 15,5,439,137
2011_002300 0,0,45,136 12,1,155,192
2011_002303 0,0,124,19 7,1,100,159 15,2,407,144 15,3,335,196
2011_002335 0,0,271,52 9,1,183,153 18,2,329,309 15,3,263,292 15,4,350,220 15,5,131,166
2011_002341 0,0,316,433 13,1,191,306 15,2,214,155
2011_002350 0,0,325,351 16,1,354,248 16,2,259,193 16,3,363,197 16,4,148,198
2011_002381 0,0,186,496 3,1,247,117 3,2,151,442 3,3,238,358
2011_002385 0,0,475,246 19,1,81,274
2011_002389 0,0,6,98 8,1,217,228
2011_002398 0,0,70,52 12,1,185,234
2011_002410 0,0,109,86 7,1,146,162
2011_002447 0,0,395,312 17,1,213,238 17,2,381,223 17,3,196,145
2011_002457 0,0,297,366 6,1,56,241
2011_002464 0,0,343,307 17,1,157,170 17,2,108,56 17,3,377,116 3,4,324,56
2011_002488 0,0,145,15 5,1,222,380 15,2,157,334 9,3,148,398 11,4,323,431
2011_002503 0,0,404,1 3,1,417,96
2011_002504 0,0,482,137 1,1,330,149
2011_002511 0,0,498,208 20,1,454,5 15,2,431,156 15,3,283,25 15,4,42,96 15,5,175,261
2011_002528 0,0,391,337 19,1,348,201
2011_002553 0,0,494,171 17,1,411,268 17,2,246,292 15,3,496,240 15,4,312,299 15,5,240,195 15,6,161,277 15,7,43,192 5,8,50,225 5,9,90,219
2011_002559 0,0,479,303 5,1,263,275
2011_002561 0,0,66,2 18,1,199,76 15,2,250,258 15,3,40,243
2011_002585 0,0,315,133 2,1,130,110 15,2,147,9 7,3,199,8 7,4,285,25
2011_002590 0,0,152,281 5,1,13,146 5,2,101,206 15,3,315,156
2011_002652 0,0,362,175 3,1,234,204
2011_002656 0,0,52,313 20,1,64,198 2,2,356,266 2,3,387,208
2011_002709 0,0,23,144 15,1,349,232 9,2,415,233
2011_002715 0,0,102,64 3,1,247,170
2011_002717 0,0,407,121 12,1,399,162
2011_002752 0,0,200,33 18,1,277,333
2011_002767 0,0,148,345 3,1,225,157
2011_002770 0,0,486,95 15,1,90,119
2011_002834 0,0,111,22 18,1,334,199 15,2,212,140
2011_002851 0,0,178,42 1,1,117,134 1,2,33,215
2011_002872 0,0,162,182 4,1,219,131 4,2,379,133 15,3,194,331
2011_002873 0,0,321,140 10,1,293,268 10,2,245,258 10,3,162,296 10,4,96,286 10,5,371,232 10,6,28,332
2011_002920 0,0,298,182 5,1,285,216 15,2,185,274 15,3,345,175 5,4,192,47 5,5,183,42 5,6,173,59 5,7,156,56 5,8,139,53 5,9,127,35 5,10,111,32 5,11,101,54 5,12,85,43 5,13,66,32 5,14,44,25 5,15,20,31 5,16,9,41 5,17,142,86 5,18,127,97 5,19,107,113 5,20,96,110 5,21,87,99 5,22,67,107 5,23,40,109 5,24,24,90 5,25,29,139 5,26,44,141 5,27,62,140 5,28,79,134 5,29,88,135 5,30,98,134 5,31,114,141 5,32,32,160 5,33,43,192 11,34,170,372 5,35,28,279 5,36,9,303 5,37,68,155 15,38,23,139
2011_002932 0,0,221,69 19,1,373,228 6,2,19,175 15,3,27,116 15,4,55,113
2011_002935 0,0,428,4 15,1,178,202
2011_002947 0,0,498,5 9,1,93,31 15,2,325,221
2011_002953 0,0,217,175 9,1,56,238 18,2,256,294
2011_002956 0,0,235,370 6,1,335,202 6,2,17,249 7,3,417,285 7,4,2,301 7,5,76,269 15,6,296,232 15,7,297,261 7,8,482,262
2011_003025 0,0,466,293 4,1,214,296 4,2,51,352 4,3,339,320 4,4,150,271
2011_003038 0,0,317,208 16,1,243,23 5,2,198,200 15,3,143,200 15,4,20,202 15,5,253,166 18,6,84,315
2011_003057 0,0,427,79 14,1,419,308
2011_003066 0,0,302,73 5,1,238,312 9,2,39,115 9,3,106,174 9,4,303,114 9,5,346,95 9,6,375,138 9,7,480,121 9,8,120,219 9,9,165,200 15,10,62,122 15,11,214,55 15,12,157,175 11,13,113,115 11,14,386,85 15,15,316,69 15,16,7,147 15,17,212,215 15,18,403,210 11,19,309,312
2011_003078 0,0,370,18 14,1,339,192 14,2,119,218 15,3,280,132
2011_003121 0,0,100,192 7,1,483,235 7,2,116,238
2011_003141 0,0,184,42 15,1,149,290
2011_003151 0,0,346,94 12,1,331,163
2011_003184 0,0,125,223 13,1,461,226
2011_003216 0,0,57,21 8,1,298,103
2011_003238 0,0,176,106 15,1,190,265 15,2,261,181
2011_003246 0,0,161,113 20,1,98,165 15,2,430,184 15,3,95,137 15,4,79,141
2011_003255 0,0,382,122 15,1,257,309 15,2,432,319